0.0000000000 0.6200014335 0.0000000000
0.0000017519 0.3365134937 0.0000000000
0.0002114021 0.0000000000 0.0002114021
0.0000000000 0.3365117418 0.0000000000
0.0000000000 0.6200014335 0.0000000000
0.0000000000 0.3365134937 0.0000017519
0.0002114021 0.0000000000 0.0002114021
0.0000000000 0.3365117418 0.0000000000
0.0000000000 0.6200014335 0.0000000000
0.0000017519 0.3365134937 0.0000000000
0.0002114021 0.0000000000 0.0002114021
0.0000000000 0.3365117418 0.0000000000
0.0000000000 0.6200014335 0.0000000000
0.0000000000 0.3365134937 0.0000017519
0.0002114021 0.0000000000 0.0002114021
0.0000000000 0.3365117418 0.0000000000
0.0000000000 0.6200014335 0.0000000000
0.0000017519 0.3365134937 0.0000000000
0.0002114021 0.0000000000 0.0002114021
0.0000000000 0.3365117418 0.0000000000
0.0000000000 0.6200014335 0.0000000000
0.0000000000 0.3365134937 0.0000017519
0.0002114021 0.0000000000 0.0002114021
0.0000000000 0.3365117418 0.0000000000
0.0000000000 0.6200014335 0.0000000000
0.0000017519 0.3365134937 0.0000000000
0.0002114021 0.0000000000 0.0002114021
0.0000000000 0.3365117418 0.0000000000
0.0000000000 0.6200014335 0.0000000000
0.0000000000 0.3365134937 0.0000017519
0.0002114021 0.0000000000 0.0002114021
0.0000000000 0.3365117418 0.0000000000
0.0000000000 0.6200014335 0.0000000000
0.0000017519 0.3365134937 0.0000000000
0.0002114021 0.0000000000 0.0002114021
0.0000000000 0.3365117418 0.0000000000
0.0000000000 0.6200014335 0.0000000000
0.0000000000 0.3365134937 0.0000017519
0.0002114021 0.0000000000 0.0002114021
0.0000000000 0.3365117418 0.0000000000
0.0000000000 0.6200014335 0.0000000000
0.0000017519 0.3365134937 0.0000000000
0.0002114021 0.0000000000 0.0002114021
0.0000000000 0.3365117418 0.0000000000
0.0000000000 0.6200014335 0.0000000000
0.0000000000 0.3365134937 0.0000017519
0.0002114021 0.0000000000 0.0002114021
0.0000000000 0.3365117418 0.0000000000
0.0000000000 0.6200014335 0.0000000000
0.0000017519 0.3365134937 0.0000000000
0.0002114021 0.0000000000 0.0002114021
0.0000000000 0.3365117418 0.0000000000
0.0000000000 0.6200014335 0.0000000000
0.0000000000 0.3365134937 0.0000017519
0.0002114021 0.0000000000 0.0002114021
0.0000000000 0.3365117418 0.0000000000
0.0000000000 0.6200014335 0.0000000000
0.0000017519 0.3365134937 0.0000000000
0.0002114021 0.0000000000 0.0002114021
0.0000000000 0.3365117418 0.0000000000
0.0000000000 0.6200014335 0.0000000000
0.0000000000 0.3365134937 0.0000017519
0.0002114021 0.0000000000 0.0002114021
0.0000000000 0.3365117418 0.0000000000
0.0000000000 0.6200014335 0.0000000000
0.0000017519 0.3365134937 0.0000000000
0.0002114021 0.0000000000 0.0002114021
0.0000000000 0.3365117418 0.0000000000
0.0000000000 0.6200014335 0.0000000000
0.0000000000 0.3365134937 0.0000017519
0.0002114021 0.0000000000 0.0002114021
0.0000000000 0.3365117418 0.0000000000
0.0000000000 0.6200014335 0.0000000000
0.0000017519 0.3365134937 0.0000000000
0.0002114021 0.0000000000 0.0002114021
0.0000000000 0.3365117418 0.0000000000
0.0000000000 0.6200014335 0.0000000000
0.0000000000 0.3365134937 0.0000017519
0.0002114021 0.0000000000 0.0002114021
0.0000000000 0.3365117418 0.0000000000
0.0000000000 0.6200014335 0.0000000000
0.0000017519 0.3365134937 0.0000000000
0.0002114021 0.0000000000 0.0002114021
0.0000000000 0.3365117418 0.0000000000
0.0000000000 0.6200014335 0.0000000000
0.0000000000 0.3365134937 0.0000017519
0.0002114021 0.0000000000 0.0002114021
0.0000000000 0.3365117418 0.0000000000
0.0000000000 0.6200014335 0.0000000000
0.0000017519 0.3365134937 0.0000000000
0.0002114021 0.0000000000 0.0002114021
0.0000000000 0.3365117418 0.0000000000
0.0000000000 0.6200014335 0.0000000000
0.0000000000 0.3365134937 0.0000017519
0.0002114021 0.0000000000 0.0002114021
0.0000000000 0.3365117418 0.0000000000
0.0000000000 0.6200014335 0.0000000000
0.0000017519 0.3365134937 0.0000000000
0.0002114021 0.0000000000 0.0002114021
0.0000000000 0.3365117418 0.0000000000
0.0000000000 0.6200014335 0.0000000000
0.0000000000 0.3365134937 0.0000017519
0.0002114021 0.0000000000 0.0002114021
0.0000000000 0.3365117418 0.0000000000
0.0000000000 0.6200014335 0.0000000000
0.0000017519 0.3365134937 0.0000000000
0.0002114021 0.0000000000 0.0002114021
0.0000000000 0.3365117418 0.0000000000
0.0000000000 0.6200014335 0.0000000000
0.0000000000 0.3365134937 0.0000017519
0.0002114021 0.0000000000 0.0002114021
0.0000000000 0.3365117418 0.0000000000
0.0000000000 0.6200014335 0.0000000000
0.0000017519 0.3365134937 0.0000000000
0.0002114021 0.0000000000 0.0002114021
0.0000000000 0.3365117418 0.0000000000
0.0000000000 0.6200014335 0.0000000000
0.0000000000 0.3365134937 0.0000017519
0.0002114021 0.0000000000 0.0002114021
0.0000000000 0.3365117418 0.0000000000
0.0000000000 0.6200014335 0.0000000000
0.0000017519 0.3365134937 0.0000000000
0.0002114021 0.0000000000 0.0002114021
0.0000000000 0.3365117418 0.0000000000
0.0000000000 0.6200014335 0.0000000000
0.0000000000 0.3365134937 0.0000017519
0.0002114021 0.0000000000 0.0002114021
0.0000000000 0.3365117418 0.0000000000
