0.0000000000 0.3241888918 0.0000000000
0.0000000000 0.1731117419 0.0000000000
0.0002116099 0.0000000000 0.0002116099
0.0000009549 0.1731126968 0.0000000000
0.0000000000 0.3241888918 0.0000000000
0.0000000000 0.1731117419 0.0000000000
0.0002116099 0.0000000000 0.0002116099
0.0000000000 0.1731126968 0.0000009549
0.0000000000 0.3241888918 0.0000000000
0.0000000000 0.1731117419 0.0000000000
0.0002116099 0.0000000000 0.0002116099
0.0000009549 0.1731126968 0.0000000000
0.0000000000 0.3241888918 0.0000000000
0.0000000000 0.1731117419 0.0000000000
0.0002116099 0.0000000000 0.0002116099
0.0000000000 0.1731126968 0.0000009549
0.0000000000 0.3241888918 0.0000000000
0.0000000000 0.1731117419 0.0000000000
0.0002116099 0.0000000000 0.0002116099
0.0000009549 0.1731126968 0.0000000000
0.0000000000 0.3241888918 0.0000000000
0.0000000000 0.1731117419 0.0000000000
0.0002116099 0.0000000000 0.0002116099
0.0000000000 0.1731126968 0.0000009549
0.0000000000 0.3241888918 0.0000000000
0.0000000000 0.1731117419 0.0000000000
0.0002116099 0.0000000000 0.0002116099
0.0000009549 0.1731126968 0.0000000000
0.0000000000 0.3241888918 0.0000000000
0.0000000000 0.1731117419 0.0000000000
0.0002116099 0.0000000000 0.0002116099
0.0000000000 0.1731126968 0.0000009549
0.0000000000 0.3241888918 0.0000000000
0.0000000000 0.1731117419 0.0000000000
0.0002116099 0.0000000000 0.0002116099
0.0000009549 0.1731126968 0.0000000000
0.0000000000 0.3241888918 0.0000000000
0.0000000000 0.1731117419 0.0000000000
0.0002116099 0.0000000000 0.0002116099
0.0000000000 0.1731126968 0.0000009549
0.0000000000 0.3241888918 0.0000000000
0.0000000000 0.1731117419 0.0000000000
0.0002116099 0.0000000000 0.0002116099
0.0000009549 0.1731126968 0.0000000000
0.0000000000 0.3241888918 0.0000000000
0.0000000000 0.1731117419 0.0000000000
0.0002116099 0.0000000000 0.0002116099
0.0000000000 0.1731126968 0.0000009549
0.0000000000 0.3241888918 0.0000000000
0.0000000000 0.1731117419 0.0000000000
0.0002116099 0.0000000000 0.0002116099
0.0000009549 0.1731126968 0.0000000000
0.0000000000 0.3241888918 0.0000000000
0.0000000000 0.1731117419 0.0000000000
0.0002116099 0.0000000000 0.0002116099
0.0000000000 0.1731126968 0.0000009549
0.0000000000 0.3241888918 0.0000000000
0.0000000000 0.1731117419 0.0000000000
0.0002116099 0.0000000000 0.0002116099
0.0000009549 0.1731126968 0.0000000000
0.0000000000 0.3241888918 0.0000000000
0.0000000000 0.1731117419 0.0000000000
0.0002116099 0.0000000000 0.0002116099
0.0000000000 0.1731126968 0.0000009549
0.0000000000 0.3241888918 0.0000000000
0.0000000000 0.1731117419 0.0000000000
0.0002116099 0.0000000000 0.0002116099
0.0000009549 0.1731126968 0.0000000000
0.0000000000 0.3241888918 0.0000000000
0.0000000000 0.1731117419 0.0000000000
0.0002116099 0.0000000000 0.0002116099
0.0000000000 0.1731126968 0.0000009549
0.0000000000 0.3241888918 0.0000000000
0.0000000000 0.1731117419 0.0000000000
0.0002116099 0.0000000000 0.0002116099
0.0000009549 0.1731126968 0.0000000000
0.0000000000 0.3241888918 0.0000000000
0.0000000000 0.1731117419 0.0000000000
0.0002116099 0.0000000000 0.0002116099
0.0000000000 0.1731126968 0.0000009549
0.0000000000 0.3241888918 0.0000000000
0.0000000000 0.1731117419 0.0000000000
0.0002116099 0.0000000000 0.0002116099
0.0000009549 0.1731126968 0.0000000000
0.0000000000 0.3241888918 0.0000000000
0.0000000000 0.1731117419 0.0000000000
0.0002116099 0.0000000000 0.0002116099
0.0000000000 0.1731126968 0.0000009549
0.0000000000 0.3241888918 0.0000000000
0.0000000000 0.1731117419 0.0000000000
0.0002116099 0.0000000000 0.0002116099
0.0000009549 0.1731126968 0.0000000000
0.0000000000 0.3241888918 0.0000000000
0.0000000000 0.1731117419 0.0000000000
0.0002116099 0.0000000000 0.0002116099
0.0000000000 0.1731126968 0.0000009549
0.0000000000 0.3241888918 0.0000000000
0.0000000000 0.1731117419 0.0000000000
0.0002116099 0.0000000000 0.0002116099
0.0000009549 0.1731126968 0.0000000000
0.0000000000 0.3241888918 0.0000000000
0.0000000000 0.1731117419 0.0000000000
0.0002116099 0.0000000000 0.0002116099
0.0000000000 0.1731126968 0.0000009549
0.0000000000 0.3241888918 0.0000000000
0.0000000000 0.1731117419 0.0000000000
0.0002116099 0.0000000000 0.0002116099
0.0000009549 0.1731126968 0.0000000000
0.0000000000 0.3241888918 0.0000000000
0.0000000000 0.1731117419 0.0000000000
0.0002116099 0.0000000000 0.0002116099
0.0000000000 0.1731126968 0.0000009549
0.0000000000 0.3241888918 0.0000000000
0.0000000000 0.1731117419 0.0000000000
0.0002116099 0.0000000000 0.0002116099
0.0000009549 0.1731126968 0.0000000000
0.0000000000 0.3241888918 0.0000000000
0.0000000000 0.1731117419 0.0000000000
0.0002116099 0.0000000000 0.0002116099
0.0000000000 0.1731126968 0.0000009549
0.0000000000 0.3241888918 0.0000000000
0.0000000000 0.1731117419 0.0000000000
0.0002116099 0.0000000000 0.0002116099
0.0000009549 0.1731126968 0.0000000000
0.0000000000 0.3241888918 0.0000000000
0.0000000000 0.1731117419 0.0000000000
0.0002116099 0.0000000000 0.0002116099
0.0000000000 0.1731126968 0.0000009549
