0.0362289693 0.0000000000 0.0362184714
0.0164061583 0.0000000000 0.0020346512
0.0054785772 0.0000000000 0.0025525984
0.0240584004 0.0000000000 0.0231832134
0.0284088126 0.0000000000 0.0207336414
0.0230322263 0.0000000000 0.0237849458
0.0032610830 0.0000000000 0.0004230103
0.0173210789 0.0000000000 0.0289290618
0.0296532216 0.0000000000 0.0439190097
0.0196724343 0.0000000000 0.0196976837
0.0002887081 0.0000000000 0.0092010435
0.0200593264 0.0000000000 0.0274246055
0.0311148640 0.0000000000 0.0268755804
0.0213362956 0.0000000000 0.0113514634
0.0126927983 0.0000000000 0.0082086501
0.0206888771 0.0000000000 0.0256226440
0.0318324858 0.0000000000 0.0352747889
0.0186089782 0.0000000000 0.0218030999
0.0080638745 0.0000000000 0.0106183905
0.0197267265 0.0000000000 0.0219718143
0.0364542553 0.0000000000 0.0376581637
0.0277146325 0.0000000000 0.0306555575
0.0000000000 0.0076614395 0.0116382864
0.0253504403 0.0000000000 0.0221806841
0.0233129771 0.0000000000 0.0244687294
0.0227287954 0.0000000000 0.0295303225
0.0005585294 0.0001155519 0.0000000000
0.0208116316 0.0000000000 0.0264216465
0.0429130153 0.0000000000 0.0378448869
0.0144989269 0.0000000000 0.0160183896
0.0043145351 0.0000000000 0.0084323616
0.0293375132 0.0000000000 0.0321156230
0.0493450246 0.0000000000 0.0436672222
0.0216655342 0.0000000000 0.0247922305
0.0050937309 0.0097787380 0.0000000000
0.0166909962 0.0000000000 0.0055863792
0.0450273793 0.0000000000 0.0435685366
0.0165575678 0.0000000000 0.0268999386
0.0073497010 0.0037862994 0.0000000000
0.0087602430 0.0000000000 0.0045204339
0.0336102192 0.0000000000 0.0366980399
0.0090395705 0.0000000000 0.0008642334
0.0066981031 0.0000000000 0.0048225499
0.0187868205 0.0000000000 0.0228754477
0.0361540372 0.0000000000 0.0365350636
0.0283037424 0.0000000000 0.0192849950
0.0002421191 0.0000000000 0.0038753967
0.0102043633 0.0000000000 0.0256689172
0.0378267704 0.0000000000 0.0347794333
0.0185271198 0.0000000000 0.0179779349
0.0085290938 0.0000000000 0.0048645792
0.0167533812 0.0000000000 0.0166484782
0.0305549549 0.0000000000 0.0319483654
0.0239322153 0.0000000000 0.0258039391
0.0038744029 0.0007015835 0.0000000000
0.0198315267 0.0000000000 0.0214588254
0.0363478444 0.0000000000 0.0366668307
0.0152418994 0.0000000000 0.0160839619
0.0046176657 0.0042371583 0.0000000000
0.0246131939 0.0000000000 0.0234017008
0.0264551229 0.0000000000 0.0325819655
0.0182468851 0.0000000000 0.0184064549
0.0024301267 0.0025308891 0.0000000000
0.0131444858 0.0000000000 0.0100439386
0.0519372884 0.0000000000 0.0438389943
0.0095930474 0.0000000000 0.0171282455
0.0000000000 0.0026782149 0.0059978205
0.0258790932 0.0000000000 0.0159099439
0.0347180873 0.0000000000 0.0444047472
0.0121137208 0.0000000000 0.0108459314
0.0100818086 0.0000000000 0.0149306945
0.0197244236 0.0000000000 0.0173701901
0.0390953220 0.0000000000 0.0307451398
0.0323039070 0.0000000000 0.0359347189
0.0051877639 0.0060685350 0.0000000000
0.0173863022 0.0000000000 0.0263255292
0.0325785849 0.0000000000 0.0220188306
0.0173215484 0.0000000000 0.0150300105
0.0019563895 0.0048221408 0.0000000000
0.0144163311 0.0000000000 0.0204539113
0.0366436701 0.0000000000 0.0344925930
0.0258864393 0.0000000000 0.0225258225
0.0116715810 0.0097623437 0.0000000000
0.0233409301 0.0000000000 0.0130380000
0.0399828824 0.0000000000 0.0469931845
0.0165284583 0.0000000000 0.0128380330
0.0000000000 0.0005789422 0.0030573861
0.0295879806 0.0000000000 0.0344532102
0.0278598124 0.0000000000 0.0222786515
0.0210029306 0.0000000000 0.0266308914
0.0113559970 0.0000000000 0.0062600156
0.0109470940 0.0000000000 0.0090847617
0.0383175693 0.0000000000 0.0292997932
0.0136133553 0.0000000000 0.0151275063
0.0011929697 0.0000000000 0.0054652540
0.0117117983 0.0000000000 0.0144612864
0.0315160097 0.0000000000 0.0384130168
0.0157674887 0.0000000000 0.0313628003
0.0142845796 0.0000000000 0.0109180405
0.0085382706 0.0000000000 0.0172386314
0.0421708215 0.0000000000 0.0493776592
0.0152061097 0.0000000000 0.0315083510
0.0108815380 0.0000000000 0.0084155731
0.0161815657 0.0000000000 0.0176793640
0.0419576670 0.0000000000 0.0243944942
0.0197102948 0.0000000000 0.0133369887
0.0005329464 0.0000000000 0.0042517700
0.0271628307 0.0000000000 0.0236975028
0.0310267643 0.0000000000 0.0296635453
0.0162429584 0.0000000000 0.0115655312
0.0102249800 0.0000000000 0.0108221684
0.0127784392 0.0000000000 0.0180397507
0.0375335611 0.0000000000 0.0341286799
0.0169654586 0.0000000000 0.0050726935
0.0012209257 0.0000000000 0.0029908990
0.0309382684 0.0000000000 0.0259738914
0.0316935902 0.0000000000 0.0370885737
0.0253294417 0.0000000000 0.0295210541
0.0091389510 0.0055999184 0.0000000000
0.0249759102 0.0000000000 0.0325570729
0.0356726257 0.0000000000 0.0320777937
0.0072166289 0.0000000000 0.0168760324
0.0000000000 0.0065395533 0.0091921244
0.0231044309 0.0000000000 0.0181008234
0.0381834197 0.0000000000 0.0457744429
0.0221218497 0.0000000000 0.0132153722
0.0056689745 0.0000000000 0.0020971170
0.0192740777 0.0000000000 0.0184635669
