0.0791081829 0.0000000000 0.0725447258
0.0309240982 0.0000000000 0.0265644826
0.0035095796 0.0044570882 0.0000000000
0.0281986476 0.0000000000 0.0236418506
0.0645549914 0.0000000000 0.0686905421
0.0282880387 0.0000000000 0.0331249136
0.0115275886 0.0081797582 0.0000000000
0.0236802237 0.0000000000 0.0303792636
0.0704196572 0.0000000000 0.0700386768
0.0296315574 0.0000000000 0.0373580932
0.0023228454 0.0000000000 0.0096192231
0.0419513684 0.0000000000 0.0385650056
0.0827630936 0.0000000000 0.0679765129
0.0329213495 0.0000000000 0.0315060614
0.0045107658 0.0023462095 0.0000000000
0.0255223148 0.0000000000 0.0349558673
0.0655972928 0.0000000000 0.0691210793
0.0516847514 0.0000000000 0.0410080755
0.0016443748 0.0000000000 0.0096744966
0.0192439385 0.0000000000 0.0211869219
0.0758124916 0.0000000000 0.0708637494
0.0324333230 0.0000000000 0.0381911692
0.0000000000 0.0010973173 0.0039158439
0.0460720890 0.0000000000 0.0441114526
0.0663176157 0.0000000000 0.0645056793
0.0377806373 0.0000000000 0.0301612430
0.0029106149 0.0038244817 0.0000000000
0.0311947722 0.0000000000 0.0249431672
0.0731337127 0.0000000000 0.0625356089
0.0377477461 0.0000000000 0.0424465330
0.0000000000 0.0108606510 0.0005479366
0.0395023573 0.0000000000 0.0420711165
0.0585846408 0.0000000000 0.0649242650
0.0359371121 0.0000000000 0.0401679230
0.0027052091 0.0069457837 0.0000000000
0.0345903697 0.0000000000 0.0403291346
0.0658292402 0.0000000000 0.0729600369
0.0259766936 0.0000000000 0.0284805206
0.0000000000 0.0069023633 0.0142419257
0.0328964816 0.0000000000 0.0250563741
0.0649828789 0.0000000000 0.0634308396
0.0253580359 0.0000000000 0.0248514167
0.0000000000 0.0001179062 0.0030162507
0.0446016986 0.0000000000 0.0313096601
0.0673298317 0.0000000000 0.0659939651
0.0433460235 0.0000000000 0.0431224590
0.0004871640 0.0066086707 0.0000000000
0.0376774387 0.0000000000 0.0401867218
0.0704114098 0.0000000000 0.0776027258
0.0298324609 0.0000000000 0.0393151421
0.0000000000 0.0016019649 0.0010299248
0.0356017021 0.0000000000 0.0308380296
0.0740298567 0.0000000000 0.0715513661
0.0406006106 0.0000000000 0.0318332533
0.0187167905 0.0084085448 0.0000000000
0.0418225951 0.0000000000 0.0347459199
0.0675677792 0.0000000000 0.0712590265
0.0386769089 0.0000000000 0.0371359588
0.0068414606 0.0056289793 0.0000000000
0.0237813549 0.0000000000 0.0342223413
0.0680512316 0.0000000000 0.0589467972
0.0312937083 0.0000000000 0.0332590482
0.0000000000 0.0042267803 0.0029789300
0.0473322854 0.0000000000 0.0347281977
0.0729520220 0.0000000000 0.0708773605
0.0221629177 0.0000000000 0.0307394544
0.0074648120 0.0000000000 0.0008864995
0.0341580374 0.0000000000 0.0236053001
0.0711547251 0.0000000000 0.0619241493
0.0398694611 0.0000000000 0.0388249313
0.0000000000 0.0031260677 0.0031939058
0.0348082142 0.0000000000 0.0360123785
0.0686281920 0.0000000000 0.0690482778
0.0380090377 0.0000000000 0.0428999645
0.0000000000 0.0111995983 0.0135695135
0.0334808197 0.0000000000 0.0356838697
0.0695422974 0.0000000000 0.0693576371
0.0465519082 0.0000000000 0.0428298098
0.0001118405 0.0000000000 0.0004598812
0.0388421267 0.0000000000 0.0401854796
0.0937539275 0.0000000000 0.0636883510
0.0427632237 0.0000000000 0.0448868028
0.0082991859 0.0000000000 0.0089831197
0.0314377824 0.0000000000 0.0325326507
0.0632506825 0.0000000000 0.0645953871
0.0371617223 0.0000000000 0.0387968516
0.0000000000 0.0087563472 0.0058053540
0.0376957832 0.0000000000 0.0381492377
0.0665639244 0.0000000000 0.0664789776
0.0355380686 0.0000000000 0.0439522476
0.0000000000 0.0105128734 0.0053542664
0.0218579533 0.0000000000 0.0230832504
0.0631945504 0.0000000000 0.0674635556
0.0306822919 0.0000000000 0.0425126549
0.0009866767 0.0073199507 0.0000000000
0.0409215629 0.0000000000 0.0436287155
0.0654150443 0.0000000000 0.0610153589
0.0368748973 0.0000000000 0.0305274010
0.0000000000 0.0098839789 0.0047257338
0.0446019434 0.0000000000 0.0369973782
0.0671777148 0.0000000000 0.0636837717
0.0378725357 0.0000000000 0.0329821537
0.0006278651 0.0075201082 0.0000000000
0.0486232638 0.0000000000 0.0390579579
0.0663770634 0.0000000000 0.0695116259
0.0289102601 0.0000000000 0.0179075393
0.0000000000 0.0022209438 0.0138643497
0.0422540916 0.0000000000 0.0319740329
0.0677418736 0.0000000000 0.0650319103
0.0438266618 0.0000000000 0.0416593144
0.0024452015 0.0085966588 0.0000000000
0.0345655281 0.0000000000 0.0249707048
0.0707667528 0.0000000000 0.0676307737
0.0449151296 0.0000000000 0.0452762675
0.0000000000 0.0037836744 0.0093506178
0.0386996488 0.0000000000 0.0436400952
0.0501436355 0.0000000000 0.0642719204
0.0399531567 0.0000000000 0.0466137031
0.0000000000 0.0063951449 0.0093410062
0.0312902291 0.0000000000 0.0394430253
0.0830254643 0.0000000000 0.0643718967
0.0284667118 0.0000000000 0.0298890145
0.0009091242 0.0013217904 0.0000000000
0.0207854652 0.0000000000 0.0192836964
0.0783321271 0.0000000000 0.0773077141
0.0315643076 0.0000000000 0.0350943131
0.0000000000 0.0121886445 0.0065077392
0.0342417392 0.0000000000 0.0349597342
