0.0053551802 0.0000160960 0.0000000000
0.0057153690 0.0068766868 0.0000000000
0.0075818070 0.0035400741 0.0000000000
0.0050262633 0.0000000000 0.0031974027
0.0135036545 0.0000000000 0.0065212308
0.0000000000 0.0003986210 0.0109225346
0.0088755696 0.0075085159 0.0000000000
0.0050989323 0.0000000000 0.0003154491
0.0014800791 0.0100251612 0.0000000000
0.0051675888 0.0000000000 0.0073239651
0.0013197129 0.0000000000 0.0038939540
0.0068670648 0.0000000000 0.0050566861
0.0058454897 0.0114327338 0.0000000000
0.0000000000 0.0021096791 0.0024795609
0.0051505465 0.0052484291 0.0000000000
0.0000000000 0.0186860897 0.0070220519
0.0070935806 0.0023032117 0.0000000000
0.0000000000 0.0031759212 0.0055608580
0.0089497348 0.0000000000 0.0045821971
0.0000000000 0.0162101169 0.0117174844
0.0044099171 0.0000000000 0.0170467316
0.0000000000 0.0054876579 0.0134704426
0.0158368719 0.0000000000 0.0029563524
0.0000000000 0.0165023845 0.0008855791
0.0008961235 0.0000000000 0.0044431292
0.0000000000 0.0028860333 0.0041118770
0.0000000000 0.0007570228 0.0037759081
0.0064383170 0.0042916048 0.0000000000
0.0036135206 0.0000000000 0.0032897765
0.0000000000 0.0016752751 0.0055712006
0.0073766725 0.0065343825 0.0000000000
0.0000000000 0.0069180084 0.0058545005
0.0050560584 0.0005686992 0.0000000000
0.0026310002 0.0008163619 0.0000000000
0.0000000000 0.0067783507 0.0017438406
0.0051549455 0.0007289376 0.0000000000
0.0085818731 0.0039345533 0.0000000000
0.0000000000 0.0038941069 0.0006637501
0.0106546722 0.0000000000 0.0092249157
0.0000000000 0.0163499683 0.0042433742
0.0000000000 0.0081087880 0.0065979606
0.0129782164 0.0000000000 0.0022370522
0.0054678980 0.0045172885 0.0000000000
0.0047356600 0.0000000000 0.0028032812
0.0037033089 0.0000000000 0.0046581455
0.0000000000 0.0037788341 0.0043830118
0.0028385468 0.0003921821 0.0000000000
0.0006560176 0.0000000000 0.0040032884
0.0027130545 0.0015625407 0.0000000000
0.0037640301 0.0000000000 0.0037901479
0.0147597302 0.0000000000 0.0106801349
0.0018948724 0.0000000000 0.0005529374
0.0031350033 0.0000000000 0.0123652193
0.0059252112 0.0000000000 0.0101108580
0.0058915747 0.0000000000 0.0061629182
0.0000000000 0.0030190567 0.0045601812
0.0007327876 0.0126082576 0.0000000000
0.0031643300 0.0050242367 0.0000000000
0.0005447824 0.0073735271 0.0000000000
0.0107824653 0.0000000000 0.0023063215
0.0000000000 0.0119440509 0.0102703503
0.0000000000 0.0018137197 0.0014016967
0.0000000000 0.0090545786 0.0121041217
0.0112208362 0.0192833607 0.0000000000
0.0000000000 0.0022267484 0.0046442699
0.0007054765 0.0000000000 0.0040734264
0.0000000000 0.0030959642 0.0081934613
0.0065365472 0.0000000000 0.0065074775
0.0000000000 0.0020369514 0.0059998685
0.0185919714 0.0141678967 0.0000000000
0.0000000000 0.0002081661 0.0043114273
0.0004644616 0.0000000000 0.0014589717
0.0000000000 0.0115103814 0.0140883957
0.0087770957 0.0000000000 0.0099003546
0.0000000000 0.0002574766 0.0009389854
0.0124176472 0.0000000000 0.0095041936
0.0057171353 0.0000000000 0.0041754257
0.0000000000 0.0081366223 0.0172967098
0.0000000000 0.0122886784 0.0127358865
0.0063657256 0.0000000000 0.0090188230
0.0000000000 0.0067010522 0.0033732363
0.0000000000 0.0029461211 0.0093247270
0.0004849737 0.0000000000 0.0111190942
0.0026362004 0.0000000000 0.0091786295
0.0059098092 0.0000000000 0.0022801294
0.0000000000 0.0095951264 0.0108478551
0.0048669221 0.0000000000 0.0024990675
0.0083008915 0.0000000000 0.0091375461
0.0036859965 0.0000000000 0.0094513732
0.0034084736 0.0000000000 0.0045743789
0.0000000000 0.0001287083 0.0030944412
0.0134031040 0.0000000000 0.0169076533
0.0035648431 0.0000000000 0.0128344267
0.0127499560 0.0000000000 0.0087141295
0.0000000000 0.0140174678 0.0084339692
0.0011026497 0.0095533234 0.0000000000
0.0000000000 0.0163403719 0.0011488439
0.0008097073 0.0042497502 0.0000000000
0.0000000000 0.0053740621 0.0115085089
0.0000000000 0.0024473224 0.0043300764
0.0000000000 0.0049676439 0.0034992901
0.0098410984 0.0013213947 0.0000000000
0.0167410939 0.0000000000 0.0075806829
0.0000000000 0.0043982898 0.0053826665
0.0000000000 0.0032808049 0.0023617870
0.0045654037 0.0079918090 0.0000000000
0.0085545114 0.0033234795 0.0000000000
0.0022420704 0.0000000000 0.0054941123
0.0036233802 0.0000000000 0.0031812910
0.0000000000 0.0039388877 0.0049395120
0.0150383045 0.0045042381 0.0000000000
0.0065564513 0.0000000000 0.0124769989
0.0048664030 0.0000000000 0.0079358214
0.0000000000 0.0040900617 0.0018197371
0.0035354512 0.0111304244 0.0000000000
0.0000000000 0.0077557221 0.0039879310
0.0064792434 0.0061881371 0.0000000000
0.0009831451 0.0030928443 0.0000000000
0.0021777801 0.0097354966 0.0000000000
0.0005203881 0.0011568343 0.0000000000
0.0034638136 0.0004382575 0.0000000000
0.0071290193 0.0052080178 0.0000000000
0.0068002432 0.0024071672 0.0000000000
0.0028951564 0.0079785057 0.0000000000
0.0004106350 0.0031247732 0.0000000000
0.0008977838 0.0072900936 0.0000000000
0.0060057543 0.0034894774 0.0000000000
0.0053920151 0.0006047759 0.0000000000
