0.0000000000 0.0617422591 0.0074763491
0.0036764741 0.0304620533 0.0000000000
0.0052498655 0.0000000000 0.0083366358
0.0050873810 0.0282980983 0.0000000000
0.0047765343 0.0584208387 0.0000000000
0.0008000704 0.0426718284 0.0000000000
0.0037244412 0.0000000000 0.0012962823
0.0020367822 0.0464819521 0.0000000000
0.0000000000 0.0607446809 0.0028855894
0.0029032012 0.0358978885 0.0000000000
0.0133852017 0.0000000000 0.0051489173
0.0055171037 0.0422124714 0.0000000000
0.0000000000 0.0686655312 0.0068172644
0.0080080749 0.0383538615 0.0000000000
0.0000000000 0.0057303984 0.0150870828
0.0048854070 0.0327437712 0.0000000000
0.0000000000 0.0554767521 0.0000792569
0.0000000000 0.0341895016 0.0056214900
0.0073629846 0.0073456891 0.0000000000
0.0000000000 0.0254078930 0.0087817598
0.0040525813 0.0625917759 0.0000000000
0.0016483689 0.0388768249 0.0000000000
0.0109815776 0.0044113032 0.0000000000
0.0075755194 0.0400053397 0.0000000000
0.0000000000 0.0644681773 0.0086398031
0.0000000000 0.0334922424 0.0122006363
0.0050511529 0.0078042794 0.0000000000
0.0071238578 0.0357428412 0.0000000000
0.0076253775 0.0687919694 0.0000000000
0.0041522581 0.0305605006 0.0000000000
0.0013173720 0.0026362401 0.0000000000
0.0000000000 0.0323812670 0.0017426345
0.0045243005 0.0659039463 0.0000000000
0.0071948430 0.0402422875 0.0000000000
0.0114585136 0.0000000000 0.0067646818
0.0000000000 0.0350176290 0.0043639368
0.0039417500 0.0695130514 0.0000000000
0.0094348128 0.0311155846 0.0000000000
0.0015570817 0.0000000000 0.0071224046
0.0022608735 0.0434013855 0.0000000000
0.0002076001 0.0651014615 0.0000000000
0.0000000000 0.0288691708 0.0073922512
0.0161396808 0.0000000000 0.0186224520
0.0034433235 0.0408992555 0.0000000000
0.0000000000 0.0750672090 0.0026429256
0.0060928141 0.0482974976 0.0000000000
0.0075610865 0.0000000000 0.0100910907
0.0000000000 0.0452399686 0.0082014963
0.0047321604 0.0583267226 0.0000000000
0.0000000000 0.0392003244 0.0045237844
0.0000000000 0.0048676478 0.0045154279
0.0009432901 0.0320518828 0.0000000000
0.0000000000 0.0691198232 0.0084040988
0.0030033739 0.0226808408 0.0000000000
0.0002514386 0.0085113617 0.0000000000
0.0000000000 0.0486561850 0.0154469787
0.0075835909 0.0623734896 0.0000000000
0.0000000000 0.0340272986 0.0070029940
0.0006543863 0.0000000000 0.0046996508
0.0044864936 0.0366926537 0.0000000000
0.0000000000 0.0628978041 0.0044069325
0.0016822387 0.0290273657 0.0000000000
0.0000000000 0.0064541750 0.0068730806
0.0000000000 0.0423774177 0.0040851993
0.0059075207 0.0683799051 0.0000000000
0.0028699859 0.0469358859 0.0000000000
0.0107259720 0.0114670015 0.0000000000
0.0066609053 0.0382264310 0.0000000000
0.0092468888 0.0695095863 0.0000000000
0.0000000000 0.0295902471 0.0047520489
0.0056779972 0.0032889734 0.0000000000
0.0000000000 0.0351850506 0.0042950266
0.0024044871 0.0611723976 0.0000000000
0.0060457002 0.0343441604 0.0000000000
0.0000000000 0.0065517673 0.0002116905
0.0000000000 0.0453894126 0.0063414663
0.0005565725 0.0566881543 0.0000000000
0.0000000000 0.0297811576 0.0117221077
0.0022104676 0.0037837363 0.0000000000
0.0036776005 0.0381760989 0.0000000000
0.0076576946 0.0625886431 0.0000000000
0.0060464258 0.0349251485 0.0000000000
0.0089358094 0.0000000000 0.0008423490
0.0133342101 0.0376802484 0.0000000000
0.0029317277 0.0678529326 0.0000000000
0.0000000000 0.0365648484 0.0095873947
0.0020839348 0.0126954351 0.0000000000
0.0007958998 0.0339601117 0.0000000000
0.0000000000 0.0734141193 0.0123935678
0.0040110576 0.0264543452 0.0000000000
0.0052113619 0.0000000000 0.0129535278
0.0054926086 0.0294159602 0.0000000000
0.0083379640 0.0739526749 0.0000000000
0.0000000000 0.0282525745 0.0036219365
0.0033743817 0.0012480058 0.0000000000
0.0000000000 0.0446888262 0.0029061011
0.0000000000 0.0635124201 0.0054329219
0.0010205579 0.0266940121 0.0000000000
0.0026045510 0.0108654109 0.0000000000
0.0110245366 0.0459327549 0.0000000000
0.0000000000 0.0534661282 0.0032539761
0.0000000000 0.0373457246 0.0024552251
0.0030493676 0.0000000000 0.0070742881
0.0000000000 0.0363513858 0.0002802709
0.0000000000 0.0632986887 0.0008372444
0.0000000000 0.0280651394 0.0006571738
0.0044133695 0.0000000000 0.0026717995
0.0000000000 0.0418100691 0.0090036923
0.0000000000 0.0631240809 0.0073972861
0.0000000000 0.0405409932 0.0126189289
0.0045546821 0.0000000000 0.0038725793
0.0000000000 0.0408968045 0.0068999772
0.0000000000 0.0655140631 0.0014434008
0.0038732612 0.0338893336 0.0000000000
0.0122630853 0.0000000000 0.0030079305
0.0031354215 0.0313765924 0.0000000000
0.0021891854 0.0544496969 0.0000000000
0.0000863557 0.0424708338 0.0000000000
0.0008352151 0.0038101731 0.0000000000
0.0072133020 0.0313171474 0.0000000000
0.0082453410 0.0763993350 0.0000000000
0.0063843087 0.0292054321 0.0000000000
0.0015880990 0.0083277128 0.0000000000
0.0019340052 0.0405055849 0.0000000000
0.0000000000 0.0706921702 0.0071312558
0.0000000000 0.0388982939 0.0070555326
0.0076299257 0.0103607918 0.0000000000
0.0056532972 0.0463072514 0.0000000000
