0.014570070000000001 0.010230020000000003 0.0
0.013100069999999998 0.005130020000000001 0.0
0.006673070000000001 0.002849020000000001 0.0
0.00801705 0.0 0.004236979999999999
0.00937205 0.0 0.000157979999999998
0.006276069999999999 6.4019999999998e-05 0.0
0.009723049999999999 0.0 0.003211979999999998
0.00798405 0.0 0.001624979999999998
0.006532049999999999 0.0 0.002139979999999999
0.00842807 0.001771020000000002 0.0
0.009135049999999999 0.0 0.001254980000000001
0.00860005 0.0 0.002402979999999999
0.009998050000000001 0.0 0.00463398
0.00972405 0.0 0.00734498
0.01149407 0.005851019999999999 0.0
0.01051605 0.0 0.000195980000000003
0.01036307 0.00659902 0.0
0.00755305 0.0 0.00175998
0.009732069999999999 0.002283020000000001 0.0
0.01013707 0.00214402 0.0
0.01326605 0.0 0.002631979999999997
0.01417505 0.0 0.005122979999999998
0.01342405 0.0 0.005973979999999999
0.01192905 0.0 0.001131980000000001
0.013673069999999999 0.001296019999999999 0.0
0.007845050000000001 0.0 0.00088498
0.012750049999999999 0.0 0.002474979999999998
0.012672049999999999 0.0 0.006164979999999999
0.01196705 0.0 0.00467798
0.014796049999999996 0.0 0.007749979999999998
0.012831049999999997 0.0 0.00842298
0.018483049999999994 0.0 0.007354979999999997
0.01710505 0.0 0.007529979999999999
0.010267050000000002 0.0 0.00765998
0.011218049999999999 0.0 0.004958979999999998
0.013941049999999997 0.0 0.007083979999999999
0.015122049999999998 0.0 0.00564198
0.014656049999999999 0.0 0.00491698
0.01579105 0.0 0.00678198
0.012335049999999998 0.0 0.00443598
0.002868049999999999 0.0 0.01536998
0.002654049999999999 0.0 0.01754098
0.00649505 0.0 0.02192898
0.01202605 0.0 0.008151980000000003
0.01875605 0.0 0.003594979999999999
0.02054305 0.0 0.00278098
0.019448049999999995 0.0 0.00127298
0.023383069999999995 0.003049020000000002 0.0
0.026335070000000002 0.004950020000000002 0.0
0.017423069999999995 0.002325019999999999 0.0
0.024488070000000004 0.005325020000000002 0.0
0.014186049999999999 0.0 0.001842979999999999
0.011440049999999998 0.0 0.01124198
0.006847049999999999 0.0 0.016843979999999995
0.0 0.00143695 0.02230693
0.002656049999999999 0.0 0.01937798
0.01017005 0.0 0.01966098
0.01173605 0.0 0.015989979999999997
0.00840005 0.0 0.01508298
0.006056049999999999 0.0 0.010384979999999999
0.009640049999999999 0.0 0.003964979999999999
0.00800805 0.0 0.011889979999999998
0.012035049999999999 0.0 0.013400980000000002
0.010856049999999999 0.0 0.006330979999999999
0.014824069999999998 0.003008019999999998 0.0
0.013366049999999999 0.0 0.00021798
0.01051305 0.0 0.00912698
0.010542049999999999 0.0 0.005944980000000002
0.01203405 0.0 0.003647979999999998
0.01454305 0.0 0.003412979999999998
0.01606105 0.0 0.000113979999999999
0.015086049999999998 0.0 0.00182798
0.014302049999999998 0.0 0.007383979999999998
0.01184005 0.0 0.004595980000000001
0.01214405 0.0 0.005051979999999998
0.012245049999999999 0.0 0.005532980000000002
0.010807049999999999 0.0 0.009572979999999998
0.007167049999999999 0.0 0.01187798
0.00642505 0.0 0.00317898
0.011508049999999999 0.0 0.003358980000000002
0.007718050000000001 0.0 0.006566979999999999
0.01203405 0.0 0.004631979999999997
0.012068049999999999 0.0 0.007930979999999999
0.011577049999999998 0.0 0.004767979999999999
0.016778049999999996 0.0 0.000541979999999997
0.013851049999999997 0.0 0.00141998
0.012672049999999999 0.0 0.007636979999999999
0.013808049999999999 0.0 0.005299979999999998
0.01034805 0.0 0.00678598
0.011636049999999998 0.0 0.003412980000000001
0.014134049999999999 0.0 0.005663979999999999
0.012854049999999997 0.0 0.00547498
0.005985049999999999 0.0 0.001890979999999998
0.008776049999999999 0.0 0.009471980000000001
0.00490105 0.0 0.008237979999999999
0.009548049999999999 0.0 0.007143979999999998
0.01040605 0.0 0.009424979999999998
0.00944105 0.0 0.00387398
0.00621805 0.0 0.00128398
0.00857407 0.001177019999999999 0.0
0.01437105 0.0 0.01047798
0.01081505 0.0 0.00564898
0.01519305 0.0 0.011139979999999997
0.01461205 0.0 0.00869998
0.01136707 8.5020000000001e-05 0.0
0.01211607 0.000635020000000002 0.0
0.010712049999999999 0.0 0.005112979999999998
0.01235705 0.0 0.004607979999999999
0.012758049999999998 0.0 0.003964979999999998
0.01222005 0.0 0.001038980000000001
0.016206049999999996 0.0 0.004057979999999999
0.01616805 0.0 0.006256979999999999
0.012887049999999999 0.0 0.005146979999999999
0.008036049999999998 0.0 0.005462979999999997
0.007699049999999999 0.0 0.005333979999999999
0.014653049999999997 0.0 0.00548998
0.00733907 0.005204020000000002 0.0
0.00901305 0.0 0.006122979999999998
0.01395505 0.0 0.00922598
0.00993705 0.0 0.006919979999999998
0.012887049999999999 0.0 0.005146979999999999
0.008036049999999998 0.0 0.005462979999999997
0.007699049999999999 0.0 0.005333979999999999
0.014653049999999997 0.0 0.00548998
0.00733907 0.005204020000000002 0.0
0.00901305 0.0 0.006122979999999998
0.01395505 0.0 0.00922598
0.00993705 0.0 0.006919979999999998
