0.00037100000000000024 0.052324 0.0
0.009566 0.060226 0.0
0.00252 0.056885 0.0
0.004251 0.057472 0.0
0.005414 0.058283 0.0
0.010387 0.064417 0.0
0.010912999999999999 0.064433 0.0
0.005259 0.058955 0.0
0.0032670000000000004 0.057481000000000004 0.0
0.003841 0.056554 0.0
0.010304 0.063364 0.0
0.009295 0.062859 0.0
0.009811 0.06410199999999999 0.0
0.004191 0.057208 0.0
0.002061 0.056226 0.0
0.001925 0.055462000000000004 0.0
0.0020260000000000005 0.055793999999999996 0.0
0.008779 0.06366 0.0
0.0013970000000000002 0.0547 0.0
0.0016010000000000004 0.055445 0.0
0.0011220000000000002 0.054322 0.0
0.002191 0.055763999999999994 0.0
0.00265 0.056291 0.0
0.0023269999999999996 0.056173 0.0
0.0011830000000000005 0.055467 0.0
0.0012419999999999996 0.0547 0.0
0.0008090000000000003 0.054864 0.0
0.001507 0.056385 0.0
0.0019429999999999998 0.054644 0.0
0.009298 0.062671 0.0
0.0019099999999999998 0.055016 0.0
0.0022289999999999996 0.055369 0.0
0.0 0.053259999999999995 0.0006059999999999998
0.008593 0.062714 0.0
0.008929 0.06295 0.0
0.0014189999999999997 0.055456 0.0
0.008819 0.062719 0.0
0.008398 0.06258 0.0
0.0013830000000000001 0.054492 0.0
0.00037600000000000003 0.05373 0.0
0.0019210000000000004 0.055773 0.0
0.0001919999999999999 0.053812000000000006 0.0
0.008716999999999999 0.062136000000000004 0.0
0.0017770000000000004 0.055742 0.0
0.0006180000000000001 0.054643 0.0
0.0 0.053932999999999995 0.00017199999999999984
0.008994 0.062506 0.0
0.00908 0.063174 0.0
0.0003649999999999999 0.053534000000000005 0.0
0.0 0.054131 0.00021700000000000018
0.008972 0.062283000000000005 0.0
0.0018100000000000004 0.05508300000000001 0.0
0.008378 0.062557 0.0
0.008666 0.062506 0.0
0.0 0.053085 0.0003219999999999998
0.00016800000000000018 0.052077 0.0
0.000147 0.053874 0.0
4.000000000000097e-06 0.053791 0.0
0.0023780000000000003 0.055814 0.0
0.00845 0.062839 0.0
0.00907 0.062662 0.0
0.001003 0.054037 0.0
0.008159 0.061786 0.0
0.008576 0.062171000000000004 0.0
0.006429 0.10511000000000001 0.0
0.002814 0.10807 0.0
0.0015559999999999997 0.106566 0.0
0.003198 0.107018 0.0
0.0050089999999999996 0.108775 0.0
0.0009939999999999997 0.105571 0.0
0.005441 0.107131 0.0
0.007043 0.109658 0.0
0.003016 0.10391399999999999 0.0
0.0 0.106503 0.001254
0.01077 0.112093 0.0
0.007676 0.105618 0.0
0.009434999999999999 0.108589 0.0
0.007038 0.105933 0.0
0.007716 0.106155 0.0
0.006214 0.105885 0.0
0.0 0.105766 0.0005869999999999998
0.004469 0.104475 0.0
0.010646 0.109832 0.0
0.001617 0.10586999999999999 0.0
0.009188 0.108667 0.0
0.007407 0.10433100000000001 0.0
0.004124 0.108796 0.0
0.0043230000000000005 0.105625 0.0
0.011233 0.100749 0.0
0.0036400000000000004 0.107412 0.0
0.007606 0.10739800000000001 0.0
0.0 0.105239 0.0010209999999999998
0.010548 0.11003 0.0
0.0012239999999999998 0.101556 0.0
0.0 0.10531 0.00159
0.007877 0.108529 0.0
0.0 0.002792 0.012433
0.0 0.002975 0.01231
0.0 0.003054 0.011632
0.0 0.003574 0.012192999999999999
0.0 0.002646 0.012181999999999998
0.0 0.003336 0.011446
0.0 0.003012 0.012247000000000001
0.0 0.003335 0.011916
0.0 0.002901 0.011612
0.0 0.002993 0.012101
0.0 0.003274 0.012086
0.0 0.001801 0.011391
0.0 0.0036479999999999998 0.013245
0.0 0.003444 0.013079
0.0 0.002216 0.012747000000000001
0.0 0.002939 0.012018000000000001
0.0 0.003427 0.012019
0.0 0.003217 0.012787
0.0 0.00272 0.012726
0.0 0.003112 0.012685
0.0 0.003166 0.012172
0.0 0.00268 0.013191
0.0 0.003344 0.012613
0.0 0.002738 0.01219
0.0 0.002971 0.013393
0.0 0.003254 0.010567
0.0 0.003389 0.009584
0.0 0.001888 0.012157000000000001
0.0 0.003928 0.013762
0.0 0.003479 0.013779
0.0 0.003297 0.012018
0.0 0.003119 0.009642
0.014570070000000001 0.010230020000000003 0.0
0.013100069999999998 0.005130020000000001 0.0
0.006673070000000001 0.002849020000000001 0.0
0.00801705 0.0 0.004236979999999999
0.00937205 0.0 0.000157979999999998
0.006276069999999999 6.4019999999998e-05 0.0
0.009723049999999999 0.0 0.003211979999999998
0.00798405 0.0 0.001624979999999998
0.006532049999999999 0.0 0.002139979999999999
0.00842807 0.001771020000000002 0.0
0.009135049999999999 0.0 0.001254980000000001
0.00860005 0.0 0.002402979999999999
0.009998050000000001 0.0 0.00463398
0.00972405 0.0 0.00734498
0.01149407 0.005851019999999999 0.0
0.01051605 0.0 0.000195980000000003
0.01036307 0.00659902 0.0
0.00755305 0.0 0.00175998
0.009732069999999999 0.002283020000000001 0.0
0.01013707 0.00214402 0.0
0.01326605 0.0 0.002631979999999997
0.01417505 0.0 0.005122979999999998
0.01342405 0.0 0.005973979999999999
0.01192905 0.0 0.001131980000000001
0.013673069999999999 0.001296019999999999 0.0
0.007845050000000001 0.0 0.00088498
0.012750049999999999 0.0 0.002474979999999998
0.012672049999999999 0.0 0.006164979999999999
0.01196705 0.0 0.00467798
0.014796049999999996 0.0 0.007749979999999998
0.012831049999999997 0.0 0.00842298
0.018483049999999994 0.0 0.007354979999999997
0.01710505 0.0 0.007529979999999999
0.010267050000000002 0.0 0.00765998
0.011218049999999999 0.0 0.004958979999999998
0.013941049999999997 0.0 0.007083979999999999
0.015122049999999998 0.0 0.00564198
0.014656049999999999 0.0 0.00491698
0.01579105 0.0 0.00678198
0.012335049999999998 0.0 0.00443598
0.002868049999999999 0.0 0.01536998
0.002654049999999999 0.0 0.01754098
0.00649505 0.0 0.02192898
0.01202605 0.0 0.008151980000000003
0.01875605 0.0 0.003594979999999999
0.02054305 0.0 0.00278098
0.019448049999999995 0.0 0.00127298
0.023383069999999995 0.003049020000000002 0.0
0.026335070000000002 0.004950020000000002 0.0
0.017423069999999995 0.002325019999999999 0.0
0.024488070000000004 0.005325020000000002 0.0
0.014186049999999999 0.0 0.001842979999999999
0.011440049999999998 0.0 0.01124198
0.006847049999999999 0.0 0.016843979999999995
0.0 0.00143695 0.02230693
0.002656049999999999 0.0 0.01937798
0.01017005 0.0 0.01966098
0.01173605 0.0 0.015989979999999997
0.00840005 0.0 0.01508298
0.006056049999999999 0.0 0.010384979999999999
0.009640049999999999 0.0 0.003964979999999999
0.00800805 0.0 0.011889979999999998
0.012035049999999999 0.0 0.013400980000000002
0.010856049999999999 0.0 0.006330979999999999
