0.0000000000 0.1946273868 0.0000000000
0.0000000000 0.2692011098 0.0000000000
0.0000000000 0.7765044814 0.0000000000
0.0000000000 0.7841680675 0.0000000000
0.0000000000 0.6921232744 0.0000000000
0.0000000000 0.1208454097 0.0000000000
0.0000000000 0.7849139060 0.0000000000
0.0000000000 0.7861423540 0.0000000000
0.0000000000 0.6576166157 0.0000000000
0.0000000000 0.0096434049 0.0000000000
0.0000000000 0.4358669855 0.0000000000
0.0000000000 0.5269106351 0.0000000000
0.0000000000 0.3738324606 0.0000000000
0.0000000000 0.7849139060 0.0000000000
0.0000000000 0.4490644751 0.0000000000
0.0000000000 0.7803133578 0.0000000000
0.0000000000 0.5801773282 0.0000000000
0.0000000000 0.0077316375 0.0000000000
0.0000000000 0.2759704362 0.0000000000
0.0000000000 0.2417803839 0.0000013159
0.0000000000 0.7604007616 0.0000010332
0.0000000000 0.0637914025 0.0000000000
0.0000010129 0.5390299943 0.0000000000
0.0000000000 0.3666841192 0.0000000000
0.0000000000 0.6621758689 0.0000000000
0.0067320556 0.0000000000 0.0067320556
0.0000000000 0.0077316375 0.0000000000
0.0000000000 0.4890166003 0.0000000000
0.0000000000 0.4088207570 0.0000000000
0.0000006462 0.0310667858 0.0000000000
0.0035108373 0.0000000000 0.0035108373
0.0000000000 0.1150130284 0.0000000000
0.0000000000 0.7765044814 0.0000000000
0.0000000000 0.7841680675 0.0000000000
0.0000000000 0.4890166003 0.0000000000
0.0000006859 0.7147290877 0.0000000000
0.0000000000 0.7625351126 0.0000010333
0.0000000000 0.2486857718 0.0000013167
0.0000000000 0.5914629555 0.0000000000
0.0000000000 0.2348429397 0.0000006576
0.0000000000 0.6754386171 0.0000000000
0.0000000000 0.6131553387 0.0000000000
0.0000000000 0.0039232134 0.0000000000
0.0000000000 0.7849139060 0.0000000000
0.0000000000 0.2555570696 0.0000000000
0.0000000000 0.0020304197 0.0000000000
0.0000000000 0.7534835655 0.0000000000
0.0000000000 0.1622973410 0.0000000000
0.0000006859 0.7147290877 0.0000000000
0.0000000000 0.5269106351 0.0000000000
0.0000000000 0.0473439693 0.0000000000
0.0000000000 0.6235617551 0.0000000000
0.0000000000 0.5019003988 0.0000000000
0.0000006595 0.2692011098 0.0000000000
0.0000000000 0.6235617551 0.0000000000
0.0000000000 0.7313089305 0.0000010304
0.0000000000 0.7684209160 0.0000000000
0.0000000000 0.7343749264 0.0000000000
0.0000000000 0.7866249343 0.0000000000
0.0000000000 0.7458019726 0.0000000000
0.0000000000 0.0515781268 0.0000000000
0.0000000000 0.6880721726 0.0000000000
0.0000000000 0.5969951387 0.0000006788
0.0000000000 0.6839407986 0.0000000000
0.0000000000 0.5082484601 0.0000000000
0.0000000000 0.5019003988 0.0000000000
0.0000000000 0.7778606525 0.0000000000
0.0000000000 0.5686054389 0.0000000000
0.0000000000 0.5627136471 0.0000000000
0.0000000000 0.6621768929 0.0000010241
0.0000000000 0.0557833700 0.0000012951
0.0000010186 0.6024550069 0.0000000000
0.0000000000 0.3596399370 0.0000000000
0.0000000000 0.0637920505 0.0000006480
0.0000000000 0.7833356594 0.0000000000
0.0000000000 0.7702110854 0.0000000000
0.0000000000 0.7765044814 0.0000000000
0.0000000000 0.7458019726 0.0000000000
0.0000010224 0.6434773177 0.0000000000
0.0000000000 0.0885930661 0.0000000000
0.0000000000 0.4424936146 0.0000000000
0.0000000000 0.6131553387 0.0000000000
0.0000000000 0.0515781268 0.0000000000
0.0000000000 0.3738324606 0.0000000000
0.0067320556 0.0000000000 0.0067320556
0.0000000000 0.0736265392 0.0000000000
0.0000000000 0.3949802251 0.0000006668
0.0000000000 0.2010189394 0.0000000000
0.0000000000 0.3738324606 0.0000000000
0.0000000000 0.3528697885 0.0000000000
0.0000000000 0.1882105239 0.0000000000
0.0000000000 0.6666584391 0.0000000000
0.0000000000 0.6710690168 0.0000010249
0.0000000000 0.3113176300 0.0000000000
0.0000000000 0.3183508070 0.0000000000
0.0000000000 0.4358669855 0.0000000000
0.0000000000 0.7343749264 0.0000000000
0.0067314114 0.0000000000 0.0067314114
0.0000000000 0.4954892951 0.0000000000
0.0000013036 0.1324615310 0.0000000000
0.0000000000 0.5969944599 0.0000000000
0.0000000000 0.7373579136 0.0000000000
0.0000000000 0.0736265392 0.0000000000
0.0000000000 0.5686054389 0.0000000000
0.0000000000 0.0985146252 0.0000000000
0.0000000000 0.7735309375 0.0000000000
0.0000000000 0.3738324606 0.0000000000
0.0000000000 0.2138421255 0.0000000000
0.0000000000 0.7313079001 0.0000000000
0.0000000000 0.7870195059 0.0000000000
0.0000000000 0.0346409145 0.0000000000
0.0000000000 0.0515781268 0.0000000000
0.0000000000 0.1557597763 0.0000000000
0.0000000000 0.1753016886 0.0000000000
0.0000000000 0.0155335136 0.0000000000
0.0000000000 0.2827424079 0.0000000000
0.0000000000 0.1266611510 0.0000000000
0.0000000000 0.6024550069 0.0000000000
0.0000000000 0.2555570696 0.0000000000
0.0000000000 0.6434773177 0.0000010224
0.0000000000 0.0885930661 0.0000000000
0.0000006576 0.2348429397 0.0000000000
0.0000010315 0.7430715017 0.0000000000
0.0000000000 0.1817683925 0.0000000000
0.0000000000 0.0248434045 0.0000012918
0.0000000000 0.1382426142 0.0000000000
0.0000000000 0.3528697885 0.0000000000
0.0035108373 0.0000000000 0.0035108373
0.0000000000 0.1440056767 0.0000000000
0.0000000000 0.2208734254 0.0000006568
0.0000000000 0.1382419620 0.0000013043
0.0000000000 0.6078414356 0.0000000000
0.0000000000 0.6131553387 0.0000000000
0.0000000000 0.7458019726 0.0000000000
0.0000000000 0.6960943588 0.0000000000
0.0000000000 0.6999836275 0.0000000000
0.0000000000 0.2138421255 0.0000000000
0.0000000000 0.6621758689 0.0000000000
0.0000000000 0.3322894736 0.0000000000
0.0000000000 0.7604007616 0.0000010332
0.0000000000 0.4954899677 0.0000000000
0.0000000000 0.6336696918 0.0000000000
0.0000000000 0.6183955930 0.0000000000
0.0000000000 0.5858572080 0.0000000000
0.0000000000 0.7534835655 0.0000000000
0.0000000000 0.0557833700 0.0000000000
0.0000000000 0.1150130284 0.0000000000
0.0000006866 0.7249257868 0.0000000000
0.0000000000 0.6754396423 0.0000000000
0.0000000000 0.0388756863 0.0000000000
0.0000000000 0.7373579136 0.0000000000
0.0000000000 0.4557235903 0.0000000000
0.0000000000 0.7581803985 0.0000000000
0.0000000000 0.6839407986 0.0000000000
0.0000000000 0.0836159539 0.0000000000
0.0000000000 0.0515781268 0.0000000000
0.0000000000 0.6960943588 0.0000000000
0.0000000000 0.4358669855 0.0000000000
0.0000000000 0.1382426142 0.0000000000
0.0000000000 0.2486844551 0.0000000000
0.0000000000 0.7037923653 0.0000000000
0.0000000000 0.0248434045 0.0000012918
0.0000010313 0.7402571378 0.0000000000
0.0000000000 0.7581803985 0.0000000000
0.0067314114 0.0000000000 0.0067314114
0.0000000000 0.7402561065 0.0000000000
0.0000000000 0.0985146252 0.0000000000
0.0000000000 0.5269106351 0.0000000000
0.0000000000 0.4156628128 0.0000000000
0.0000000000 0.7581803985 0.0000000000
0.0000000000 0.0124374373 0.0000000000
0.0000000000 0.7791307479 0.0000000000
0.0000000000 0.3042417737 0.0000000000
0.0000000000 0.5744264766 0.0000000000
0.0000010332 0.7604007616 0.0000000000
0.0000000000 0.6797292413 0.0000000000
0.0000000000 0.7182100871 0.0000000000
0.0000000000 0.0001417958 0.0000000000
0.0000000000 0.7735309375 0.0000000000
0.0000000000 0.0155335136 0.0000000000
0.0000000000 0.5508841978 0.0000000000
0.0000000000 0.7075194614 0.0000000000
0.0000000000 0.6235617551 0.0000000000
0.0000000000 0.5508841978 0.0000000000
0.0000000000 0.5914619379 0.0000000000
0.0000000000 0.6880721726 0.0000000000
0.0000006859 0.7147290877 0.0000000000
0.0000000000 0.0836153048 0.0000000000
0.0000000000 0.7343749264 0.0000000000
0.0000000000 0.5914619379 0.0000000000
0.0000000000 0.6434762954 0.0000000000
0.0000000000 0.0020304197 0.0000000000
0.0000000000 0.4088207570 0.0000000000
0.0000000000 0.7861423540 0.0000000000
0.0000000000 0.7581803985 0.0000000000
0.0000000000 0.7458019726 0.0000000000
0.0000000000 0.4557235903 0.0000000000
0.0000000000 0.7402561065 0.0000000000
0.0000000000 0.1324602274 0.0000000000
0.0000000000 0.6999836275 0.0000000000
0.0000000000 0.0310667858 0.0000006462
0.0000000000 0.1497493864 0.0000000000
0.0000000000 0.7803133578 0.0000010350
0.0000000000 0.7791307479 0.0000010349
0.0000000000 0.0058246928 0.0000000000
0.0000000000 0.2623955350 0.0000000000
0.0000000000 0.5969944599 0.0000000000
0.0000000000 0.6576166157 0.0000000000
0.0000000000 0.0279530701 0.0000012921
0.0000000000 0.3949802251 0.0000006668
0.0000000000 0.2073851400 0.0000000000
0.0000000000 0.5145326991 0.0000000000
0.0000000000 0.6482667323 0.0000000000
0.0000000000 0.7182100871 0.0000000000
0.0000010354 0.7841691029 0.0000000000
0.0000000000 0.4625093467 0.0000000000
0.0000000000 0.0279530701 0.0000012921
0.0067320556 0.0000000000 0.0067320556
0.0000000000 0.6921232744 0.0000000000
0.0000000000 0.7458019726 0.0000000000
0.0000000000 0.0279530701 0.0000000000
0.0000000000 0.7645823682 0.0000000000
0.0048219789 0.0000000000 0.0048219789
0.0000000000 0.2417803839 0.0000000000
0.0000000000 0.6921232744 0.0000000000
0.0000000000 0.5082484601 0.0000000000
0.0067320556 0.0000000000 0.0067320556
0.0000000000 0.4019267520 0.0000000000
0.0000000000 0.2486844551 0.0000000000
0.0000006576 0.2348429397 0.0000000000
0.0000000000 0.7534835655 0.0000000000
0.0000000000 0.6183955930 0.0000000000
0.0000000000 0.5449905043 0.0000000000
0.0000000000 0.3596412664 0.0000013294
0.0000000000 0.7873267500 0.0000000000
0.0000000000 0.6482667323 0.0000000000
0.0000000000 0.2138421255 0.0000000000
0.0000000000 0.0058246928 0.0000006448
0.0000006446 0.0020310643 0.0000000000
0.0000000000 0.4824810762 0.0000000000
0.0000000000 0.0001417958 0.0000000000
0.0000000000 0.0020291304 0.0000000000
0.0000000000 0.6386105825 0.0000000000
0.0000000000 0.7534845980 0.0000000000
0.0000000000 0.6839407986 0.0000000000
0.0000000000 0.7866249343 0.0000000000
0.0000000000 0.0431100381 0.0000000000
0.0000000000 0.4424942842 0.0000006696
0.0000000000 0.6336696918 0.0000000000
0.0000000000 0.7765044814 0.0000000000
0.0000000000 0.7824153209 0.0000000000
0.0000000000 0.1208454097 0.0000000000
0.0017387937 0.0000000000 0.0017387937
0.0000000000 0.4557235903 0.0000000000
0.0000000000 0.7402561065 0.0000000000
0.0000000000 0.3391934813 0.0000000000
0.0000010140 0.5508852118 0.0000000000
0.0000000000 0.7750615766 0.0000010345
0.0000000000 0.4824810762 0.0000000000
0.0000000000 0.7249257868 0.0000006866
0.0000000000 0.3322894736 0.0000000000
0.0000000000 0.7604007616 0.0000010332
0.0000006576 0.2348429397 0.0000000000
0.0000010313 0.7402571378 0.0000000000
0.0000000000 0.5801773282 0.0000000000
0.0000000000 0.4088207570 0.0000000000
0.0054668655 0.0000000000 0.0054668655
0.0000006699 0.4490651451 0.0000000000
0.0000000000 0.7343749264 0.0000000000
0.0000000000 0.6960943588 0.0000000000
0.0000006446 0.0020310643 0.0000000000
0.0000000000 0.0124374373 0.0000000000
0.0000000000 0.7841680675 0.0000000000
0.0000000000 0.6839407986 0.0000000000
0.0000000000 0.3809326520 0.0000000000
0.0000000000 0.7873267500 0.0000000000
0.0000013303 0.3666841192 0.0000000000
0.0000000000 0.1266611510 0.0000000000
0.0000000000 0.7735319719 0.0000010344
0.0000000000 0.7702110854 0.0000000000
0.0000000000 0.1091633814 0.0000000000
0.0000000000 0.7750605421 0.0000000000
0.0000000000 0.0039232134 0.0000000000
0.0000000000 0.4758855170 0.0000013430
0.0000000000 0.5686054389 0.0000010156
0.0035108373 0.0000000000 0.0035108373
0.0000006595 0.2692011098 0.0000000000
0.0000000000 0.6235617551 0.0000000000
0.0000000000 0.2759704362 0.0000000000
0.0000000000 0.5744264766 0.0000000000
0.0000000000 0.4224521577 0.0000013368
0.0000006699 0.4490651451 0.0000000000
0.0000000000 0.6576166157 0.0000000000
0.0000000000 0.4625093467 0.0000000000
0.0000000000 0.7458019726 0.0000000000
0.0000000000 0.7750605421 0.0000000000
0.0000006595 0.2692011098 0.0000000000
0.0000000000 0.1622973410 0.0000000000
0.0000000000 0.6336696918 0.0000000000
0.0000012904 0.0124387277 0.0000000000
0.0067314114 0.0000000000 0.0067314114
0.0000000000 0.0557820749 0.0000000000
0.0000000000 0.5969944599 0.0000000000
0.0000000000 0.1324615310 0.0000000000
0.0000000000 0.5567512120 0.0000000000
0.0000000000 0.1753023428 0.0000006542
0.0000000000 0.7343749264 0.0000000000
0.0000000000 0.0155335136 0.0000000000
0.0000000000 0.0686155631 0.0000000000
0.0000013319 0.3809339839 0.0000000000
0.0000000000 0.6710690168 0.0000010249
0.0000000000 0.0557833700 0.0000000000
0.0000013294 0.3596412664 0.0000000000
0.0000000000 0.6960943588 0.0000000000
0.0000000000 0.1034564438 0.0000000000
0.0000000000 0.6235617551 0.0000000000
0.0000000000 0.7281589647 0.0000000000
0.0000000000 0.5082484601 0.0000000000
0.0000000000 0.5390289814 0.0000000000
0.0000000000 0.1208454097 0.0000000000
0.0000000000 0.0388756863 0.0000000000
0.0000000000 0.5145326991 0.0000000000
0.0000000000 0.3596399370 0.0000000000
0.0000000000 0.7841680675 0.0000000000
0.0000000000 0.4692266718 0.0000000000
0.0000000000 0.5082484601 0.0000000000
0.0000000000 0.4156628128 0.0000000000
0.0000000000 0.1382426142 0.0000000000
0.0000000000 0.4291866912 0.0000000000
0.0000000000 0.0096434049 0.0000000000
0.0000000000 0.5801773282 0.0000000000
0.0000012899 0.0077316375 0.0000000000
0.0000010140 0.5508852118 0.0000000000
0.0000000000 0.1208454097 0.0000000000
0.0000000000 0.7765044814 0.0000000000
0.0061026984 0.0000000000 0.0061026984
0.0000000000 0.2010189394 0.0000000000
0.0000000000 0.7281589647 0.0000000000
0.0000000000 0.0217358487 0.0000000000
0.0000000000 0.6183955930 0.0000000000
0.0000000000 0.4088207570 0.0000000000
0.0000000000 0.0431100381 0.0000000000
0.0000000000 0.7484474564 0.0000000000
0.0000000000 0.7866249343 0.0000000000
0.0000000000 0.4692266718 0.0000000000
0.0041693256 0.0000000000 0.0041693256
0.0000000000 0.1208454097 0.0000000000
0.0000000000 0.5082484601 0.0000000000
0.0000006478 0.0597912402 0.0000000000
0.0000000000 0.3183508070 0.0000000000
0.0000000000 0.6754396423 0.0000000000
0.0000000000 0.7216091263 0.0000000000
0.0000000000 0.1817683925 0.0000000000
0.0000000000 0.0557833700 0.0000000000
0.0000000000 0.0020291304 0.0000000000
0.0000006857 0.7111651765 0.0000000000
0.0000000000 0.3738324606 0.0000000000
0.0000000000 0.7216091263 0.0000000000
0.0000000000 0.6839407986 0.0000000000
0.0054668655 0.0000000000 0.0054668655
0.0000000000 0.7684209160 0.0000000000
0.0000000000 0.0985146252 0.0000000000
0.0000000000 0.3666841192 0.0000000000
0.0000000000 0.7182100871 0.0000000000
0.0000000000 0.7877216919 0.0000000000
0.0000010176 0.5914629555 0.0000000000
0.0000000000 0.7484474564 0.0000000000
0.0000000000 0.1557597763 0.0000000000
0.0000000000 0.6235617551 0.0000000000
0.0000000000 0.2073851400 0.0000000000
0.0000000000 0.6999836275 0.0000000000
0.0000000000 0.3322894736 0.0000000000
0.0000000000 0.0686168597 0.0000000000
0.0000000000 0.0935592945 0.0000000000
0.0000000000 0.4424936146 0.0000000000
0.0000000000 0.5330027735 0.0000010124
0.0000000000 0.7373579136 0.0000000000
0.0000000000 0.6434762954 0.0000000000
0.0000000000 0.3528697885 0.0000000000
0.0000000000 0.7458019726 0.0000000000
0.0000010325 0.7534845980 0.0000000000
0.0000000000 0.6710690168 0.0000010249
0.0000000000 0.7037923653 0.0000000000
0.0000000000 0.5744264766 0.0000000000
0.0000000000 0.6921232744 0.0000000000
0.0000000000 0.7791307479 0.0000000000
0.0000000000 0.0836153048 0.0000000000
0.0000000000 0.6576172981 0.0000000000
0.0000000000 0.0186329832 0.0000000000
0.0000000000 0.0248434045 0.0000000000
0.0000006866 0.7249257868 0.0000000000
0.0000000000 0.7075194614 0.0000000000
0.0000000000 0.3183508070 0.0000000000
0.0000000000 0.7534845980 0.0000000000
0.0000000000 0.2971246388 0.0000000000
0.0000000000 0.7870195059 0.0000000000
0.0000000000 0.0077316375 0.0000000000
0.0000000000 0.2555570696 0.0000000000
0.0000006859 0.7147290877 0.0000000000
0.0000000000 0.3322894736 0.0000000000
0.0000000000 0.1034564438 0.0000000000
0.0035108373 0.0000000000 0.0035108373
0.0000000000 0.5269106351 0.0000000000
0.0000000000 0.1324602274 0.0000000000
0.0000000000 0.5744264766 0.0000000000
0.0000000000 0.7281589647 0.0000000000
0.0000000000 0.7876775019 0.0000000000
0.0000000000 0.4557235903 0.0000000000
0.0000000000 0.2759710961 0.0000006599
0.0000000000 0.7581803985 0.0000000000
0.0000000000 0.2417803839 0.0000013159
0.0000000000 0.0155335136 0.0000000000
0.0000000000 0.7625351126 0.0000010333
0.0000000000 0.1382426142 0.0000000000
0.0000000000 0.0637920505 0.0000006480
0.0000000000 0.0836159539 0.0000000000
0.0000000000 0.5801773282 0.0000000000
0.0000000000 0.0217358487 0.0000000000
0.0000000000 0.7216091263 0.0000000000
0.0000000000 0.1817683925 0.0000000000
0.0000000000 0.0935592945 0.0000000000
0.0000006899 0.7778613424 0.0000000000
0.0000000000 0.1091633814 0.0000000000
0.0000000000 0.6797302670 0.0000000000
0.0000000000 0.7833356594 0.0000000000
0.0000000000 0.7855717766 0.0000000000
0.0000000000 0.5801773282 0.0000000000
0.0000000000 0.7814081091 0.0000000000
0.0000013303 0.3666841192 0.0000000000
0.0000000000 0.7875459686 0.0000000000
0.0000000000 0.1150130284 0.0000000000
0.0000000000 0.4088207570 0.0000000000
0.0000000000 0.6482667323 0.0000000000
0.0000000000 0.7075194614 0.0000000000
0.0000000000 0.7373579136 0.0000000000
0.0000000000 0.7281589647 0.0000000000
0.0000006576 0.2348429397 0.0000000000
0.0000000000 0.4224521577 0.0000000000
0.0000000000 0.3460538338 0.0000000000
0.0000000000 0.5082484601 0.0000000000
0.0000000000 0.6183955930 0.0000000000
0.0000000000 0.7873267500 0.0000000000
0.0000000000 0.7814081091 0.0000000000
0.0000000000 0.7778606525 0.0000000000
0.0000000000 0.0473439693 0.0000000000
0.0000006615 0.3042417737 0.0000000000
0.0000000000 0.6336696918 0.0000000000
0.0000000000 0.2555570696 0.0000000000
0.0000000000 0.3253418892 0.0000000000
0.0000000000 0.6576166157 0.0000000000
0.0000000000 0.5858572080 0.0000000000
0.0000000000 0.3528697885 0.0000000000
0.0000000000 0.0279530701 0.0000000000
0.0000000000 0.6235617551 0.0000000000
0.0000000000 0.7665452367 0.0000000000
0.0000010344 0.7735319719 0.0000000000
0.0000000000 0.6576166157 0.0000000000
0.0000000000 0.4890152558 0.0000000000
0.0000000000 0.7719143244 0.0000000000
0.0000000000 0.0985146252 0.0000000000
0.0048219789 0.0000000000 0.0048219789
0.0000000000 0.2486844551 0.0000000000
0.0000000000 0.0279530701 0.0000000000
0.0000010129 0.5390299943 0.0000000000
0.0000000000 0.0597912402 0.0000000000
0.0000000000 0.7750605421 0.0000000000
0.0000000000 0.6880721726 0.0000000000
0.0000000000 0.4824810762 0.0000000000
0.0000010315 0.7430715017 0.0000000000
0.0000000000 0.6880721726 0.0000000000
0.0000000000 0.4224521577 0.0000013368
0.0000000000 0.1208454097 0.0000000000
0.0000000000 0.0786266741 0.0000000000
0.0017394381 0.0000000000 0.0017394381
0.0067314114 0.0000000000 0.0067314114
0.0000000000 0.3113176300 0.0000000000
0.0000000000 0.7373579136 0.0000000000
0.0000000000 0.7855717766 0.0000000000
0.0000000000 0.7111651765 0.0000000000
0.0000000000 0.0217358487 0.0000000000
0.0000000000 0.7875459686 0.0000000000
0.0000000000 0.6710690168 0.0000010249
0.0000010124 0.5330027735 0.0000000000
0.0000000000 0.7343749264 0.0000000000
0.0000000000 0.0597912402 0.0000000000
0.0000000000 0.2692004502 0.0000000000
0.0000000000 0.0077316375 0.0000000000
0.0000000000 0.7147290877 0.0000000000
0.0000000000 0.5082484601 0.0000000000
0.0000000000 0.5207536838 0.0000000000
0.0000006800 0.6183955930 0.0000000000
0.0000000000 0.1497493864 0.0000000000
0.0000013430 0.4758855170 0.0000000000
0.0000000000 0.0346409145 0.0000000000
0.0000000000 0.0985146252 0.0000000000
0.0000000000 0.7778613424 0.0000000000
0.0000000000 0.6710690168 0.0000010249
0.0000000000 0.6921232744 0.0000000000
0.0000000000 0.0217358487 0.0000000000
0.0000010337 0.7665452367 0.0000000000
0.0000000000 0.5627136471 0.0000000000
0.0000000000 0.5207536838 0.0000000000
0.0000000000 0.6921232744 0.0000000000
0.0000000000 0.7581803985 0.0000000000
0.0000000000 0.7373579136 0.0000000000
0.0000000000 0.6960943588 0.0000000000
0.0000000000 0.4019267520 0.0000000000
0.0000000000 0.6710690168 0.0000000000
0.0000000000 0.0637920505 0.0000006480
0.0000000000 0.6434773177 0.0000010224
0.0000000000 0.6797292413 0.0000000000
0.0000000000 0.0001430848 0.0000000000
0.0000000000 0.7604007616 0.0000010332
0.0000000000 0.7791307479 0.0000000000
0.0000000000 0.0279530701 0.0000000000
0.0000000000 0.6529797501 0.0000000000
0.0000000000 0.5508841978 0.0000000000
0.0000000000 0.6839407986 0.0000000000
0.0000000000 0.6529807733 0.0000010232
0.0000000000 0.0001430848 0.0000000000
0.0000000000 0.4224521577 0.0000000000
0.0000000000 0.2827424079 0.0000006603
0.0000000000 0.6921232744 0.0000000000
0.0000000000 0.0388756863 0.0000000000
0.0000000000 0.3528697885 0.0000000000
0.0000000000 0.6921232744 0.0000000000
0.0000000000 0.4557235903 0.0000000000
0.0000013461 0.5019017449 0.0000000000
0.0000000000 0.7702110854 0.0000000000
0.0000000000 0.7665452367 0.0000000000
0.0000000000 0.5627136471 0.0000000000
0.0000000000 0.6576172981 0.0000000000
0.0000000000 0.1034564438 0.0000013004
0.0000000000 0.7875459686 0.0000000000
0.0000000000 0.7343749264 0.0000000000
0.0000000000 0.2623955350 0.0000000000
0.0000000000 0.4625093467 0.0000000000
0.0000000000 0.7313089305 0.0000010304
0.0000000000 0.0186329832 0.0000000000
0.0000000000 0.1497493864 0.0000000000
0.0000000000 0.3879819381 0.0000000000
0.0000000000 0.7791307479 0.0000000000
0.0000000000 0.4424942842 0.0000006696
0.0000000000 0.0431100381 0.0000000000
0.0000000000 0.7313079001 0.0000000000
0.0000000000 0.4490644751 0.0000000000
0.0000006857 0.7111651765 0.0000000000
0.0000000000 0.5686054389 0.0000010156
0.0000000000 0.0310667858 0.0000000000
0.0000006595 0.2692011098 0.0000000000
0.0048219789 0.0000000000 0.0048219789
0.0000000000 0.7814081091 0.0000006901
0.0000000000 0.5567512120 0.0000000000
0.0000000000 0.4557235903 0.0000000000
0.0000000000 0.7558744192 0.0000000000
0.0000000000 0.2692004502 0.0000000000
0.0000013368 0.4224521577 0.0000000000
0.0000010304 0.7313089305 0.0000000000
0.0061014100 0.0000000000 0.0061026984
0.0000013070 0.1622973410 0.0000000000
0.0061026984 0.0000000000 0.0061026984
0.0000000000 0.2417803839 0.0000013159
0.0000000000 0.7803133578 0.0000010350
0.0000000000 0.5145340468 0.0000000000
0.0000006699 0.4490651451 0.0000000000
0.0000000000 0.5969944599 0.0000000000
0.0000000000 0.0473439693 0.0000000000
0.0000000000 0.4557235903 0.0000000000
0.0000000000 0.6235617551 0.0000000000
0.0000000000 0.0186329832 0.0000000000
0.0000000000 0.7791297130 0.0000000000
0.0041693256 0.0000000000 0.0041693256
0.0000000000 0.6482667323 0.0000000000
0.0000000000 0.6482667323 0.0000000000
0.0000000000 0.5627136471 0.0000000000
0.0000000000 0.6286533822 0.0000010210
0.0000000000 0.0473439693 0.0000000000
0.0000000000 0.5627136471 0.0000000000
0.0000000000 0.3391941448 0.0000000000
0.0000000000 0.0077303476 0.0000000000
0.0000000000 0.0431100381 0.0000000000
0.0000000000 0.7249257868 0.0000000000
0.0000000000 0.2623955350 0.0000000000
0.0000000000 0.6336696918 0.0000000000
0.0000000000 0.0985146252 0.0000000000
0.0000000000 0.0279530701 0.0000012921
0.0000000000 0.5508841978 0.0000000000
0.0000000000 0.2971246388 0.0000000000
0.0000000000 0.0077316375 0.0000000000
0.0000000000 0.6336696918 0.0000000000
0.0000012904 0.0124387277 0.0000000000
0.0000000000 0.4358669855 0.0000000000
0.0000000000 0.6666584391 0.0000000000
0.0000006462 0.0310667858 0.0000000000
0.0000000000 0.6666584391 0.0000000000
0.0000000000 0.4954892951 0.0000000000
0.0000000000 0.0155335136 0.0000000000
0.0000000000 0.6960943588 0.0000000000
0.0000000000 0.0686168597 0.0000000000
0.0000000000 0.7037923653 0.0000000000
0.0000000000 0.7281589647 0.0000000000
0.0067320556 0.0000000000 0.0067320556
0.0000000000 0.4358669855 0.0000000000
0.0000000000 0.7534835655 0.0000000000
0.0000000000 0.3113176300 0.0000000000
0.0000000000 0.5686054389 0.0000010156
0.0000000000 0.4424936146 0.0000000000
0.0000000000 0.6576172981 0.0000000000
0.0000000000 0.3809339839 0.0000013319
0.0073530057 0.0000000000 0.0073530057
0.0035108373 0.0000000000 0.0035108373
0.0073530057 0.0000000000 0.0073530057
0.0000000000 0.1208454097 0.0000000000
0.0000000000 0.7702110854 0.0000000000
0.0017394381 0.0000000000 0.0017394381
0.0000000000 0.7873267500 0.0000000000
0.0000000000 0.1622973410 0.0000000000
0.0000000000 0.2010189394 0.0000000000
0.0000000000 0.5627136471 0.0000000000
0.0000000000 0.7735309375 0.0000000000
0.0000000000 0.4156628128 0.0000000000
0.0000013294 0.3596412664 0.0000000000
0.0000000000 0.5801773282 0.0000000000
0.0000000000 0.7875459686 0.0000000000
0.0000000000 0.6797302670 0.0000000000
0.0000000000 0.3809326520 0.0000000000
0.0000000000 0.4557235903 0.0000000000
0.0000012921 0.0279530701 0.0000000000
0.0000000000 0.2759704362 0.0000000000
0.0000000000 0.0058246928 0.0000000000
0.0000000000 0.1150130284 0.0000000000
0.0000000000 0.5082491335 0.0000000000
0.0000000000 0.6434773177 0.0000010224
0.0000000000 0.4358669855 0.0000000000
0.0000000000 0.0515781268 0.0000000000
0.0000000000 0.2971246388 0.0000000000
0.0000000000 0.5508841978 0.0000000000
0.0000000000 0.5801773282 0.0000000000
0.0000000000 0.7824153209 0.0000000000
0.0000000000 0.7778613424 0.0000000000
0.0000000000 0.4358669855 0.0000000000
0.0035108373 0.0000000000 0.0035108373
0.0000000000 0.6286533822 0.0000000000
0.0000013030 0.1266624540 0.0000000000
0.0000000000 0.0836159539 0.0000000000
0.0000000000 0.7877216919 0.0000000000
0.0000000000 0.4824810762 0.0000000000
0.0000000000 0.6960943588 0.0000000000
0.0000000000 0.2827417476 0.0000000000
0.0000010129 0.5390299943 0.0000000000
0.0000000000 0.1382426142 0.0000000000
0.0000000000 0.4557235903 0.0000000000
0.0000000000 0.1266611510 0.0000000000
0.0000000000 0.7750605421 0.0000000000
0.0000000000 0.3738324606 0.0000000000
0.0000000000 0.4692266718 0.0000000000
0.0000000000 0.6960943588 0.0000000000
0.0000006857 0.7111651765 0.0000000000
0.0000000000 0.0786266741 0.0000000000
0.0000000000 0.6960943588 0.0000000000
0.0000006800 0.6183955930 0.0000000000
0.0000000000 0.0935592945 0.0000000000
0.0000000000 0.2486857718 0.0000013167
0.0000000000 0.5508841978 0.0000000000
0.0000000000 0.3460538338 0.0000000000
0.0000000000 0.7750605421 0.0000000000
0.0000000000 0.3809326520 0.0000000000
0.0000000000 0.4557235903 0.0000000000
0.0000000000 0.0515781268 0.0000000000
0.0000010304 0.7313089305 0.0000000000
0.0000000000 0.6754396423 0.0000000000
0.0000010210 0.6286533822 0.0000000000
0.0000000000 0.6336696918 0.0000000000
0.0000000000 0.7765044814 0.0000000000
0.0000000000 0.3183508070 0.0000000000
0.0067320556 0.0000000000 0.0067320556
0.0000000000 0.4088207570 0.0000000000
0.0000010354 0.7841691029 0.0000000000
0.0000000000 0.7645834017 0.0000010335
0.0000000000 0.3528697885 0.0000000000
0.0000000000 0.7625340793 0.0000000000
0.0000000000 0.0155335136 0.0000000000
0.0000000000 0.0836159539 0.0000000000
0.0000000000 0.4224521577 0.0000000000
0.0000000000 0.1557597763 0.0000000000
0.0000000000 0.2010189394 0.0000000000
0.0000000000 0.7765044814 0.0000000000
0.0000000000 0.4954899677 0.0000000000
0.0000000000 0.1557597763 0.0000000000
0.0000013287 0.3528711172 0.0000000000
0.0000000000 0.7861423540 0.0000000000
0.0000000000 0.2555570696 0.0000000000
0.0035108373 0.0000000000 0.0035108373
0.0000000000 0.6576172981 0.0000000000
0.0000013036 0.1324615310 0.0000000000
0.0000000000 0.7075194614 0.0000000000
0.0000000000 0.6576166157 0.0000000000
0.0000000000 0.2348422821 0.0000000000
0.0000000000 0.7870195059 0.0000000000
0.0079661943 0.0000000000 0.0079661943
0.0000000000 0.6576172981 0.0000000000
0.0000013303 0.3666841192 0.0000000000
0.0000000000 0.0186329832 0.0000000000
0.0000000000 0.2486844551 0.0000000000
0.0000000000 0.2623955350 0.0000000000
0.0000000000 0.2692011098 0.0000000000
0.0000000000 0.7625340793 0.0000000000
0.0000000000 0.3322894736 0.0000000000
0.0000000000 0.2348422821 0.0000000000
0.0054668655 0.0000000000 0.0054668655
0.0000000000 0.4358669855 0.0000000000
0.0000000000 0.7866249343 0.0000000000
0.0000000000 0.7719143244 0.0000000000
0.0000000000 0.2208734254 0.0000006568
0.0000000000 0.6286533822 0.0000000000
0.0000000000 0.7803133578 0.0000010350
0.0073530057 0.0000000000 0.0073530057
0.0000000000 0.0248434045 0.0000012918
0.0000000000 0.6529797501 0.0000000000
0.0000000000 0.1946273868 0.0000000000
0.0000000000 0.7534835655 0.0000000000
0.0000000000 0.5330027735 0.0000000000
0.0000000000 0.2899676230 0.0000000000
0.0061026984 0.0000000000 0.0061026984
0.0000000000 0.7875459686 0.0000000000
0.0000000000 0.0124374373 0.0000000000
0.0000013303 0.3666841192 0.0000000000
0.0000000000 0.0096434049 0.0000000000
0.0000000000 0.2278734964 0.0000000000
0.0000000000 0.5145326991 0.0000000000
0.0000000000 0.3528697885 0.0000000000
0.0000000000 0.4019267520 0.0000000000
0.0000000000 0.0637920505 0.0000006480
0.0000000000 0.4019267520 0.0000000000
0.0000000000 0.1882105239 0.0000000000
0.0000000000 0.0985146252 0.0000000000
0.0000000000 0.1382426142 0.0000000000
0.0000000000 0.5858572080 0.0000000000
0.0000000000 0.1557597763 0.0000000000
0.0000000000 0.0058246928 0.0000000000
0.0000000000 0.7684209160 0.0000000000
0.0000000000 0.0431100381 0.0000000000
0.0000000000 0.4019267520 0.0000000000
0.0000000000 0.5269106351 0.0000000000
0.0073530057 0.0000000000 0.0073530057
0.0079661943 0.0000000000 0.0079661943
0.0000000000 0.7876775019 0.0000000000
0.0000000000 0.7534845980 0.0000000000
0.0000000000 0.3809339839 0.0000013319
0.0000000000 0.7849139060 0.0000000000
0.0000000000 0.7875459686 0.0000000000
0.0000000000 0.7824153209 0.0000000000
0.0000000000 0.4824810762 0.0000000000
0.0017387937 0.0000000000 0.0017387937
0.0000000000 0.0836159539 0.0000000000
0.0000000000 0.2138421255 0.0000000000
0.0000000000 0.4954892951 0.0000000000
0.0000000000 0.0557820749 0.0000000000
0.0000000000 0.2623955350 0.0000000000
0.0000000000 0.3322894736 0.0000000000
0.0000000000 0.4424936146 0.0000000000
0.0000000000 0.6131553387 0.0000000000
0.0000000000 0.3879819381 0.0000000000
0.0000000000 0.2010189394 0.0000000000
0.0000000000 0.2138421255 0.0000000000
0.0000000000 0.1557597763 0.0000000000
0.0000000000 0.0935592945 0.0000000000
0.0000000000 0.1622973410 0.0000000000
0.0000000000 0.7037923653 0.0000000000
0.0000000000 0.5744264766 0.0000000000
0.0000000000 0.0001430848 0.0000000000
0.0000000000 0.7791307479 0.0000000000
0.0000000000 0.7873267500 0.0000000000
0.0000000000 0.7581803985 0.0000000000
0.0000000000 0.7665452367 0.0000000000
0.0000000000 0.7841680675 0.0000000000
0.0000000000 0.0985146252 0.0000000000
0.0000000000 0.6754386171 0.0000000000
0.0048219789 0.0000000000 0.0048219789
0.0000000000 0.3113176300 0.0000000000
0.0000000000 0.7849139060 0.0000000000
0.0000000000 0.6286533822 0.0000000000
0.0000000000 0.0077316375 0.0000000000
0.0000000000 0.1208454097 0.0000000000
0.0000000000 0.0001417958 0.0000000000
0.0000000000 0.7625340793 0.0000000000
0.0000000000 0.7735319719 0.0000010344
0.0000000000 0.7866249343 0.0000000000
0.0000000000 0.1882105239 0.0000000000
0.0000000000 0.0155335136 0.0000000000
0.0000000000 0.7877216919 0.0000000000
0.0000010219 0.6386116044 0.0000000000
0.0000006699 0.4490651451 0.0000000000
0.0000000000 0.0124374373 0.0000000000
0.0000000000 0.0736265392 0.0000000000
0.0000000000 0.2827417476 0.0000000000
0.0000000000 0.0431100381 0.0000000000
0.0000000000 0.6386105825 0.0000000000
0.0000000000 0.0686168597 0.0000000000
0.0000013303 0.3666841192 0.0000000000
0.0000000000 0.7147290877 0.0000000000
0.0000000000 0.3949802251 0.0000006668
0.0000000000 0.5145340468 0.0000000000
0.0000000000 0.7581803985 0.0000000000
0.0000000000 0.6131553387 0.0000000000
0.0000000000 0.7803133578 0.0000000000
0.0000000000 0.2138421255 0.0000000000
0.0000000000 0.6386105825 0.0000000000
0.0000000000 0.6434773177 0.0000010224
0.0000000000 0.5969944599 0.0000000000
0.0000000000 0.5508841978 0.0000000000
0.0048219789 0.0000000000 0.0048219789
0.0000000000 0.0985146252 0.0000000000
0.0000000000 0.1753016886 0.0000000000
0.0000000000 0.0686168597 0.0000000000
0.0000000000 0.0836153048 0.0000000000
0.0000000000 0.2971246388 0.0000000000
0.0000000000 0.6666584391 0.0000000000
0.0000000000 0.7866249343 0.0000000000
0.0000000000 0.7803133578 0.0000000000
0.0000000000 0.2138421255 0.0000000000
0.0000000000 0.4358669855 0.0000000000
0.0000000000 0.5858572080 0.0000000000
0.0000000000 0.2971246388 0.0000000000
0.0000000000 0.6921232744 0.0000000000
0.0000000000 0.5686054389 0.0000000000
0.0000000000 0.3042417737 0.0000000000
0.0000000000 0.4358669855 0.0000000000
0.0000010210 0.6286533822 0.0000000000
0.0000006525 0.1440056767 0.0000000000
0.0000000000 0.7402571378 0.0000010313
0.0000000000 0.2623955350 0.0000000000
0.0000000000 0.0515781268 0.0000000000
0.0000000000 0.0885930661 0.0000000000
0.0000000000 0.7581803985 0.0000000000
0.0000006478 0.0597912402 0.0000000000
0.0000000000 0.0155335136 0.0000000000
0.0000000000 0.7645834017 0.0000010335
0.0000000000 0.7855717766 0.0000000000
0.0000013030 0.1266624540 0.0000000000
0.0000000000 0.0039232134 0.0000000000
0.0061026984 0.0000000000 0.0061026984
0.0000000000 0.0736265392 0.0000000000
0.0000000000 0.6960943588 0.0000000000
0.0000000000 0.1688104532 0.0000000000
0.0000000000 0.6576172981 0.0000000000
0.0000000000 0.4088207570 0.0000000000
0.0000000000 0.0786266741 0.0000000000
0.0000013430 0.4758855170 0.0000000000
0.0000000000 0.7702110854 0.0000000000
0.0000000000 0.6576172981 0.0000000000
0.0000000000 0.5858572080 0.0000000000
0.0000000000 0.3322894736 0.0000000000
0.0000000000 0.7873267500 0.0000000000
0.0000000000 0.0346409145 0.0000000000
0.0000000000 0.7182100871 0.0000000000
0.0000010124 0.5330027735 0.0000000000
0.0000000000 0.1091633814 0.0000000000
0.0000000000 0.7875459686 0.0000000000
0.0000000000 0.1034564438 0.0000000000
0.0000000000 0.2073851400 0.0000000000
0.0000010337 0.7665452367 0.0000000000
0.0000000000 0.4625093467 0.0000000000
0.0000000000 0.4824810762 0.0000000000
0.0017394381 0.0000000000 0.0017394381
0.0000000000 0.5914629555 0.0000000000
0.0000000000 0.2278748108 0.0000013143
0.0000000000 0.0431100381 0.0000000000
0.0000000000 0.4019267520 0.0000000000
0.0000000000 0.0836159539 0.0000000000
0.0000000000 0.5082491335 0.0000000000
0.0000000000 0.2138421255 0.0000000000
0.0000000000 0.3738337917 0.0000000000
0.0000000000 0.2971246388 0.0000000000
0.0000000000 0.7216091263 0.0000000000
0.0000000000 0.7841680675 0.0000000000
0.0079661943 0.0000000000 0.0079661943
0.0000000000 0.5686054389 0.0000000000
0.0000000000 0.5567522265 0.0000010145
0.0000000000 0.0686168597 0.0000000000
0.0000000000 0.2899676230 0.0000000000
0.0000000000 0.7534835655 0.0000000000
0.0000000000 0.0388756863 0.0000000000
0.0000010354 0.7841691029 0.0000000000
0.0000000000 0.4557235903 0.0000000000
0.0000000000 0.7719143244 0.0000000000
0.0000000000 0.2278748108 0.0000013143
0.0000000000 0.2073851400 0.0000000000
0.0000000000 0.3183508070 0.0000000000
0.0000000000 0.3666841192 0.0000000000
0.0000000000 0.2623955350 0.0000000000
0.0000000000 0.7841680675 0.0000000000
0.0000000000 0.2971246388 0.0000000000
0.0000000000 0.7037923653 0.0000000000
0.0000000000 0.2827417476 0.0000000000
0.0000010325 0.7534845980 0.0000000000
0.0000000000 0.1557597763 0.0000000000
0.0000000000 0.5686054389 0.0000000000
0.0000000000 0.3113176300 0.0000000000
0.0000013036 0.1324615310 0.0000000000
0.0000000000 0.3738337917 0.0000000000
0.0000010210 0.6286533822 0.0000000000
0.0000000000 0.1091633814 0.0000000000
0.0000000000 0.7791307479 0.0000010349
0.0000000000 0.7182100871 0.0000000000
0.0000000000 0.4358669855 0.0000000000
0.0000000000 0.7581803985 0.0000000000
0.0000000000 0.7870195059 0.0000000000
0.0000000000 0.0597912402 0.0000000000
0.0000000000 0.6434773177 0.0000010224
0.0000000000 0.1946273868 0.0000000000
0.0000000000 0.2417803839 0.0000000000
0.0000000000 0.2010189394 0.0000000000
0.0000000000 0.3738337917 0.0000000000
0.0000000000 0.2138421255 0.0000000000
0.0000000000 0.5801773282 0.0000000000
0.0000000000 0.3809326520 0.0000000000
0.0000000000 0.5207536838 0.0000000000
0.0000000000 0.0186329832 0.0000000000
0.0000000000 0.0039232134 0.0000000000
0.0000000000 0.0388756863 0.0000000000
0.0000000000 0.2417803839 0.0000013159
0.0000000000 0.6078414356 0.0000000000
0.0000000000 0.6999836275 0.0000000000
0.0000000000 0.7645834017 0.0000010335
0.0000000000 0.5858572080 0.0000000000
0.0000000000 0.1266611510 0.0000000000
0.0000000000 0.4019267520 0.0000000000
0.0000000000 0.2899663016 0.0000000000
0.0000000000 0.7111651765 0.0000000000
0.0000000000 0.4692266718 0.0000000000
0.0000006576 0.2348429397 0.0000000000
0.0017387937 0.0000000000 0.0017387937
0.0000000000 0.5269106351 0.0000000000
0.0000000000 0.0637914025 0.0000000000
0.0000000000 0.1946273868 0.0000000000
0.0000000000 0.5145326991 0.0000000000
0.0000000000 0.0686168597 0.0000000000
0.0000000000 0.4890152558 0.0000000000
0.0000000000 0.5969951387 0.0000006788
0.0000000000 0.1382419620 0.0000013043
0.0000000000 0.4156628128 0.0000000000
0.0000000000 0.5269106351 0.0000000000
0.0000000000 0.5449905043 0.0000000000
0.0000000000 0.7430715017 0.0000010315
0.0000000000 0.0637914025 0.0000000000
0.0000000000 0.6183955930 0.0000000000
0.0000000000 0.7111651765 0.0000000000
0.0000000000 0.7778613424 0.0000006899
0.0000000000 0.2208734254 0.0000006568
0.0000006462 0.0310667858 0.0000000000
0.0000000000 0.2486857718 0.0000013167
0.0000000000 0.4291866912 0.0000000000
0.0000000000 0.7824153209 0.0000000000
0.0000000000 0.1382426142 0.0000000000
0.0000000000 0.7510078923 0.0000000000
0.0000000000 0.2486844551 0.0000000000
0.0000000000 0.0217358487 0.0000000000
0.0000000000 0.2692011098 0.0000000000
0.0000000000 0.2692011098 0.0000000000
0.0000000000 0.3809339839 0.0000013319
0.0000000000 0.2971246388 0.0000000000
0.0000000000 0.5627136471 0.0000000000
0.0000000000 0.7719143244 0.0000000000
0.0000000000 0.0985146252 0.0000000000
0.0000000000 0.3460538338 0.0000000000
0.0000000000 0.7814081091 0.0000006901
0.0000000000 0.7684209160 0.0000000000
0.0000000000 0.5390289814 0.0000000000
0.0000000000 0.6078414356 0.0000000000
0.0000000000 0.7870195059 0.0000000000
0.0000000000 0.0096434049 0.0000000000
0.0000000000 0.7249257868 0.0000000000
0.0000000000 0.6839407986 0.0000000000
0.0000000000 0.2278734964 0.0000000000
0.0000000000 0.0557833700 0.0000012951
0.0000000000 0.0155335136 0.0000000000
0.0000000000 0.5082491335 0.0000000000
0.0000000000 0.2417803839 0.0000000000
0.0000000000 0.1440056767 0.0000006525
0.0000000000 0.7750605421 0.0000000000
0.0000000000 0.5567512120 0.0000000000
0.0000000000 0.7735309375 0.0000000000
0.0000000000 0.6286533822 0.0000000000
0.0000000000 0.4088207570 0.0000000000
0.0000000000 0.0001430848 0.0000000000
0.0000000000 0.6131553387 0.0000000000
0.0000006800 0.6183955930 0.0000000000
0.0000000000 0.5686054389 0.0000000000
0.0000000000 0.4291866912 0.0000000000
0.0000010134 0.5449905043 0.0000000000
0.0000006672 0.4019267520 0.0000000000
0.0000000000 0.2759710961 0.0000000000
0.0000000000 0.7833356594 0.0000000000
0.0000000000 0.2971246388 0.0000000000
0.0000000000 0.0248434045 0.0000012918
0.0073530057 0.0000000000 0.0073530057
0.0000000000 0.0935599441 0.0000006497
0.0000000000 0.4019267520 0.0000000000
0.0000000000 0.1946273868 0.0000000000
0.0000000000 0.7870195059 0.0000000000
0.0000000000 0.7870195059 0.0000000000
0.0000000000 0.7373579136 0.0000000000
0.0000000000 0.7684209160 0.0000000000
0.0000000000 0.6921232744 0.0000000000
0.0000000000 0.1557604294 0.0000006531
0.0000010354 0.7849149414 0.0000000000
0.0000000000 0.6839407986 0.0000000000
0.0000000000 0.7814081091 0.0000006901
0.0000000000 0.0388756863 0.0000000000
0.0000000000 0.4954899677 0.0000000000
0.0000000000 0.1266611510 0.0000000000
0.0000000000 0.1688117609 0.0000013077
0.0041693256 0.0000000000 0.0041693256
0.0000000000 0.3183508070 0.0000000000
0.0000000000 0.6235617551 0.0000000000
0.0000000000 0.7484474564 0.0000000000
0.0000000000 0.7581803985 0.0000000000
0.0000000000 0.7866249343 0.0000000000
0.0000000000 0.7402561065 0.0000000000
0.0000000000 0.7430715017 0.0000010315
0.0000000000 0.3253418892 0.0000000000
0.0000000000 0.7458019726 0.0000000000
0.0000000000 0.5508841978 0.0000000000
0.0000000000 0.5082491335 0.0000000000
0.0000000000 0.7182100871 0.0000000000
0.0000000000 0.4625093467 0.0000000000
0.0000000000 0.1946273868 0.0000000000
0.0000006901 0.7814081091 0.0000000000
0.0000000000 0.0515781268 0.0000000000
0.0000000000 0.7765044814 0.0000000000
0.0000000000 0.1150130284 0.0000000000
0.0000000000 0.5390289814 0.0000000000
0.0000000000 0.7849139060 0.0000000000
0.0000000000 0.7765044814 0.0000000000
0.0000000000 0.0597912402 0.0000006478
0.0000000000 0.4954892951 0.0000000000
0.0000000000 0.2623955350 0.0000000000
0.0000000000 0.0077316375 0.0000000000
0.0000000000 0.7373579136 0.0000000000
0.0000000000 0.7735309375 0.0000000000
0.0000000000 0.7510089246 0.0000010323
0.0041693256 0.0000000000 0.0041693256
0.0000000000 0.0310667858 0.0000000000
0.0000000000 0.7750605421 0.0000000000
0.0000000000 0.6754396423 0.0000000000
0.0000000000 0.1882105239 0.0000000000
0.0000000000 0.4490644751 0.0000000000
0.0000000000 0.2759704362 0.0000000000
0.0000000000 0.4890166003 0.0000000000
0.0000000000 0.2010189394 0.0000000000
0.0000000000 0.5969951387 0.0000006788
0.0000000000 0.3596412664 0.0000013294
0.0000000000 0.2759710961 0.0000000000
0.0000000000 0.7534835655 0.0000000000
0.0000000000 0.0885930661 0.0000000000
0.0000000000 0.2971246388 0.0000000000
0.0000006525 0.1440056767 0.0000000000
0.0000000000 0.7645834017 0.0000010335
0.0000000000 0.7877216919 0.0000000000
0.0000012904 0.0124387277 0.0000000000
0.0000000000 0.0039232134 0.0000000000
0.0000010186 0.6024550069 0.0000000000
0.0000000000 0.3183508070 0.0000000000
0.0000000000 0.5567522265 0.0000010145
0.0000000000 0.0388756863 0.0000000000
0.0000000000 0.7534835655 0.0000000000
0.0000000000 0.7249257868 0.0000000000
0.0000000000 0.6666584391 0.0000000000
0.0000000000 0.7484474564 0.0000000000
0.0000000000 0.2971246388 0.0000000000
0.0000000000 0.0686168597 0.0000000000
0.0000000000 0.2208734254 0.0000000000
0.0000000000 0.7750615766 0.0000010345
0.0000000000 0.0836153048 0.0000000000
0.0000000000 0.7182100871 0.0000000000
0.0000000000 0.7849139060 0.0000000000
0.0000000000 0.0836153048 0.0000000000
0.0000000000 0.3809326520 0.0000000000
0.0000000000 0.6529797501 0.0000000000
0.0000000000 0.6880721726 0.0000000000
0.0000000000 0.7849139060 0.0000000000
0.0000000000 0.1382419620 0.0000013043
0.0000010129 0.5390299943 0.0000000000
0.0000000000 0.0310667858 0.0000000000
0.0000000000 0.0736265392 0.0000000000
0.0000000000 0.3183508070 0.0000000000
0.0000000000 0.5508841978 0.0000000000
0.0000000000 0.4424942842 0.0000006696
0.0000010124 0.5330027735 0.0000000000
0.0000000000 0.1150130284 0.0000000000
0.0073530057 0.0000000000 0.0073530057
0.0054668655 0.0000000000 0.0054655771
0.0000000000 0.0557833700 0.0000000000
0.0000000000 0.0786266741 0.0000000000
0.0000010354 0.7841691029 0.0000000000
0.0000000000 0.7841680675 0.0000000000
0.0000000000 0.5269106351 0.0000000000
0.0000000000 0.7876775019 0.0000000000
0.0000006859 0.7147290877 0.0000000000
0.0000000000 0.7111651765 0.0000000000
0.0000000000 0.5269106351 0.0000000000
0.0000000000 0.6336696918 0.0000000000
0.0000000000 0.2010189394 0.0000000000
0.0000000000 0.3809326520 0.0000000000
0.0000000000 0.4557235903 0.0000000000
0.0000000000 0.4692266718 0.0000000000
0.0000000000 0.0346409145 0.0000000000
0.0000000000 0.7645823682 0.0000000000
0.0000000000 0.7855717766 0.0000000000
0.0000000000 0.0686155631 0.0000000000
0.0000000000 0.0935599441 0.0000006497
0.0000000000 0.7702110854 0.0000000000
0.0000000000 0.2827424079 0.0000000000
0.0000000000 0.6386105825 0.0000000000
0.0000000000 0.2623955350 0.0000000000
0.0000000000 0.4625093467 0.0000000000
0.0000000000 0.7765044814 0.0000000000
0.0000010124 0.5330027735 0.0000000000
0.0000000000 0.5801773282 0.0000000000
0.0000000000 0.0935592945 0.0000000000
0.0048219789 0.0000000000 0.0048219789
0.0000000000 0.3949802251 0.0000000000
0.0000000000 0.5145340468 0.0000000000
0.0000000000 0.7684209160 0.0000000000
0.0000000000 0.0686168597 0.0000000000
0.0000000000 0.7803133578 0.0000010350
0.0000000000 0.3666841192 0.0000000000
0.0000000000 0.0186329832 0.0000000000
0.0000013099 0.1882105239 0.0000000000
0.0000000000 0.0637914025 0.0000000000
0.0000000000 0.0597912402 0.0000000000
0.0000000000 0.2208734254 0.0000000000
0.0000000000 0.5914619379 0.0000000000
0.0000000000 0.0346409145 0.0000000000
0.0000000000 0.4824810762 0.0000000000
0.0000000000 0.6482667323 0.0000000000
0.0000000000 0.7604007616 0.0000010332
0.0000000000 0.2555570696 0.0000000000
0.0000000000 0.5858572080 0.0000000000
0.0000000000 0.2692011098 0.0000000000
0.0000000000 0.6621758689 0.0000000000
0.0000000000 0.4424942842 0.0000006696
0.0000000000 0.5330027735 0.0000000000
0.0000000000 0.7581803985 0.0000000000
0.0000000000 0.2417803839 0.0000013159
0.0000000000 0.5019003988 0.0000000000
0.0000000000 0.7182100871 0.0000000000
0.0000006607 0.2899682837 0.0000000000
0.0000000000 0.2623955350 0.0000000000
0.0000000000 0.2759710961 0.0000006599
0.0000006664 0.3879819381 0.0000000000
0.0000000000 0.6960943588 0.0000000000
0.0000000000 0.6960943588 0.0000000000
0.0000000000 0.5744264766 0.0000000000
0.0000000000 0.7791297130 0.0000000000
0.0000006699 0.4490651451 0.0000000000
0.0000000000 0.7604007616 0.0000010332
0.0000000000 0.1557597763 0.0000000000
0.0000000000 0.7861423540 0.0000000000
0.0000000000 0.7876775019 0.0000000000
0.0000000000 0.4424936146 0.0000000000
0.0000000000 0.3113176300 0.0000000000
0.0000000000 0.2348422821 0.0000000000
0.0000000000 0.4019267520 0.0000000000
0.0000000000 0.7735319719 0.0000010344
0.0000000000 0.7558744192 0.0000000000
0.0000000000 0.5969944599 0.0000000000
0.0000000000 0.3596412664 0.0000013294
0.0000010219 0.6386116044 0.0000000000
0.0000013030 0.1266624540 0.0000000000
0.0000010124 0.5330027735 0.0000000000
0.0000000000 0.0885930661 0.0000000000
0.0000000000 0.0431100381 0.0000000000
0.0000000000 0.7833356594 0.0000000000
0.0000000000 0.7765044814 0.0000000000
0.0000000000 0.7402561065 0.0000000000
0.0000000000 0.7534835655 0.0000000000
0.0000000000 0.1266611510 0.0000000000
0.0048219789 0.0000000000 0.0048219789
0.0000000000 0.7343749264 0.0000000000
0.0000000000 0.1557597763 0.0000000000
0.0000000000 0.6529797501 0.0000000000
0.0000000000 0.4890166003 0.0000000000
0.0000000000 0.1688104532 0.0000000000
0.0000000000 0.0279530701 0.0000000000
0.0000000000 0.6754386171 0.0000000000
0.0000000000 0.7458019726 0.0000000000
0.0000000000 0.0473439693 0.0000000000
0.0000000000 0.3738337917 0.0000000000
0.0000000000 0.5567522265 0.0000010145
0.0000000000 0.7814081091 0.0000000000
0.0000000000 0.6839407986 0.0000000000
0.0000000000 0.7866249343 0.0000000000
0.0000000000 0.6880721726 0.0000000000
0.0048219789 0.0000000000 0.0048219789
0.0000000000 0.7037923653 0.0000000000
0.0000000000 0.7866249343 0.0000000000
0.0000000000 0.6235617551 0.0000000000
0.0000000000 0.4224521577 0.0000013368
0.0000000000 0.6999836275 0.0000000000
0.0000000000 0.2278748108 0.0000013143
0.0000000000 0.2555570696 0.0000000000
0.0000000000 0.3183508070 0.0000000000
0.0000000000 0.4557235903 0.0000000000
0.0000000000 0.2208734254 0.0000000000
0.0000006542 0.1753023428 0.0000000000
0.0000013430 0.4758855170 0.0000000000
0.0048219789 0.0000000000 0.0048219789
0.0000000000 0.7719143244 0.0000000000
0.0000000000 0.0039245029 0.0000000000
0.0000000000 0.7510089246 0.0000010323
0.0000000000 0.3322894736 0.0000000000
0.0000010313 0.7402571378 0.0000000000
0.0000000000 0.5508841978 0.0000000000
0.0000000000 0.5330027735 0.0000010124
0.0000000000 0.5858572080 0.0000000000
0.0000000000 0.2759710961 0.0000000000
0.0000000000 0.0885930661 0.0000000000
0.0000000000 0.2971246388 0.0000000000
0.0000000000 0.6235617551 0.0000000000
0.0000000000 0.4224521577 0.0000013368
0.0000013287 0.3528711172 0.0000000000
0.0000000000 0.7373579136 0.0000000000
0.0000000000 0.7841680675 0.0000000000
0.0000000000 0.0039232134 0.0000000000
0.0000000000 0.6621758689 0.0000000000
0.0000000000 0.7719143244 0.0000000000
0.0000000000 0.7249257868 0.0000006866
0.0000000000 0.5686054389 0.0000010156
0.0000000000 0.1753016886 0.0000000000
0.0000000000 0.6839407986 0.0000000000
0.0000000000 0.7458019726 0.0000000000
0.0000006859 0.7147290877 0.0000000000
0.0000000000 0.2827417476 0.0000000000
0.0000000000 0.5390289814 0.0000000000
0.0000000000 0.2759704362 0.0000000000
0.0000000000 0.4291866912 0.0000000000
0.0000000000 0.1946273868 0.0000000000
0.0000000000 0.1150130284 0.0000000000
0.0000000000 0.7581803985 0.0000000000
0.0000000000 0.7147290877 0.0000000000
0.0000000000 0.0001430848 0.0000000000
0.0000000000 0.6710690168 0.0000010249
0.0000000000 0.7803133578 0.0000000000
0.0000000000 0.3738324606 0.0000000000
0.0000000000 0.7719143244 0.0000000000
0.0000000000 0.0310667858 0.0000000000
0.0000000000 0.5019003988 0.0000006731
0.0000010210 0.6286533822 0.0000000000
0.0000012918 0.0248434045 0.0000000000
0.0000000000 0.2899676230 0.0000000000
0.0000000000 0.4625093467 0.0000000000
0.0000006576 0.2348429397 0.0000000000
0.0000000000 0.0039245029 0.0000000000
0.0000000000 0.0346409145 0.0000000000
0.0000000000 0.7216091263 0.0000000000
0.0000000000 0.0985146252 0.0000000000
0.0000000000 0.7111651765 0.0000000000
0.0000000000 0.0557833700 0.0000000000
0.0000000000 0.1622973410 0.0000000000
0.0000000000 0.0985146252 0.0000000000
0.0000000000 0.7735309375 0.0000000000
0.0000000000 0.1266611510 0.0000000000
0.0000000000 0.1324602274 0.0000000000
0.0000000000 0.7484474564 0.0000000000
0.0000000000 0.7849139060 0.0000000000
0.0000000000 0.5330027735 0.0000000000
0.0000000000 0.4156628128 0.0000000000
0.0000013430 0.4758855170 0.0000000000
0.0000000000 0.5744264766 0.0000000000
0.0017394381 0.0000000000 0.0017394381
0.0000000000 0.3879819381 0.0000000000
0.0000000000 0.2971246388 0.0000000000
0.0000000000 0.2827417476 0.0000000000
0.0000000000 0.2623955350 0.0000000000
0.0000000000 0.4625093467 0.0000000000
0.0000000000 0.3253418892 0.0000000000
0.0000000000 0.4954899677 0.0000000000
0.0000000000 0.7558744192 0.0000000000
0.0000000000 0.5019003988 0.0000006731
0.0000000000 0.6336696918 0.0000000000
0.0000000000 0.7343749264 0.0000000000
0.0000000000 0.5969951387 0.0000006788
0.0000000000 0.2971246388 0.0000000000
0.0000000000 0.5508841978 0.0000000000
0.0000000000 0.3460538338 0.0000000000
0.0000006857 0.7111651765 0.0000000000
0.0048219789 0.0000000000 0.0048219789
0.0000000000 0.6880721726 0.0000000000
0.0000000000 0.7343749264 0.0000000000
0.0017387937 0.0000000000 0.0017387937
0.0000000000 0.6754396423 0.0000000000
0.0000000000 0.4424942842 0.0000006696
0.0000000000 0.2208734254 0.0000000000
0.0000000000 0.0186329832 0.0000000000
0.0000000000 0.7484474564 0.0000000000
0.0000000000 0.7604007616 0.0000010332
0.0000000000 0.7216091263 0.0000000000
0.0000000000 0.2138421255 0.0000000000
0.0000006462 0.0310667858 0.0000000000
0.0000000000 0.7558744192 0.0000000000
0.0000010186 0.6024550069 0.0000000000
0.0000000000 0.6434773177 0.0000010224
0.0000000000 0.4156628128 0.0000000000
0.0000000000 0.7702110854 0.0000000000
0.0000000000 0.7645834017 0.0000010335
0.0000000000 0.7216091263 0.0000000000
0.0000000000 0.2971246388 0.0000000000
0.0054668655 0.0000000000 0.0054668655
0.0000000000 0.7581803985 0.0000000000
0.0000000000 0.4692266718 0.0000000000
0.0000000000 0.6754396423 0.0000010253
0.0000000000 0.3596412664 0.0000013294
0.0000000000 0.1208454097 0.0000000000
0.0000000000 0.7111651765 0.0000000000
0.0000000000 0.2971246388 0.0000000000
0.0000000000 0.5744264766 0.0000000000
0.0000000000 0.4557235903 0.0000000000
0.0000000000 0.2208734254 0.0000000000
0.0000000000 0.4625093467 0.0000000000
0.0000000000 0.4692266718 0.0000000000
0.0000000000 0.6576166157 0.0000000000
0.0000000000 0.2623955350 0.0000000000
0.0067320556 0.0000000000 0.0067320556
0.0000000000 0.6666584391 0.0000000000
0.0000000000 0.0279530701 0.0000000000
0.0000000000 0.4890152558 0.0000000000
0.0000000000 0.6999836275 0.0000000000
0.0000000000 0.7873267500 0.0000000000
0.0000000000 0.0001417958 0.0000000000
0.0000000000 0.7111651765 0.0000000000
0.0000000000 0.2010189394 0.0000000000
0.0035108373 0.0000000000 0.0035108373
0.0000000000 0.2899663016 0.0000000000
0.0000000000 0.7075194614 0.0000000000
0.0000000000 0.1753016886 0.0000000000
0.0000000000 0.4358669855 0.0000000000
0.0000000000 0.2417803839 0.0000000000
0.0054668655 0.0000000000 0.0054655771
0.0000000000 0.7791297130 0.0000000000
0.0000000000 0.7216091263 0.0000000000
0.0000000000 0.5330027735 0.0000010124
0.0000000000 0.7625340793 0.0000000000
0.0000000000 0.6839407986 0.0000000000
0.0000000000 0.7875459686 0.0000000000
0.0000000000 0.2759710961 0.0000000000
0.0000000000 0.1497493864 0.0000000000
0.0000000000 0.3042417737 0.0000000000
0.0000000000 0.2827417476 0.0000000000
0.0000000000 0.6666584391 0.0000000000
0.0000000000 0.0346409145 0.0000000000
0.0000013430 0.4758855170 0.0000000000
0.0000006525 0.1440056767 0.0000000000
0.0000006899 0.7778613424 0.0000000000
0.0000000000 0.0431100381 0.0000000000
0.0000000000 0.1753016886 0.0000000000
0.0000000000 0.5082484601 0.0000000000
0.0000006866 0.7249257868 0.0000000000
0.0000000000 0.0310667858 0.0000000000
0.0000000000 0.7147290877 0.0000000000
0.0000000000 0.7866249343 0.0000000000
0.0000000000 0.7870195059 0.0000000000
0.0000000000 0.7824153209 0.0000000000
0.0000000000 0.7791297130 0.0000000000
0.0000000000 0.7484474564 0.0000000000
0.0000000000 0.0020304197 0.0000012893
0.0000000000 0.5969944599 0.0000000000
0.0000000000 0.3391934813 0.0000000000
0.0000000000 0.1266611510 0.0000000000
0.0000000000 0.6131553387 0.0000000000
0.0000000000 0.6576172981 0.0000000000
0.0000000000 0.3949802251 0.0000000000
0.0000000000 0.2138421255 0.0000000000
0.0000000000 0.0279530701 0.0000000000
0.0000000000 0.6960943588 0.0000000000
0.0000000000 0.3738324606 0.0000000000
0.0000000000 0.2899663016 0.0000000000
0.0000000000 0.4424936146 0.0000000000
0.0000000000 0.0686168597 0.0000000000
0.0000000000 0.1753016886 0.0000000000
0.0000000000 0.7665452367 0.0000000000
0.0079661943 0.0000000000 0.0079661943
0.0000000000 0.5627136471 0.0000000000
0.0000010354 0.7841691029 0.0000000000
0.0000000000 0.0557833700 0.0000000000
0.0000000000 0.3666841192 0.0000000000
0.0000000000 0.3460538338 0.0000000000
0.0000000000 0.0597912402 0.0000000000
0.0000000000 0.7814081091 0.0000000000
0.0000000000 0.1382419620 0.0000013043
0.0000000000 0.7484474564 0.0000000000
0.0000000000 0.7803133578 0.0000000000
0.0000006672 0.4019267520 0.0000000000
0.0000000000 0.5567512120 0.0000000000
0.0000000000 0.5330027735 0.0000000000
0.0000000000 0.7750605421 0.0000000000
0.0000000000 0.5508841978 0.0000000000
0.0000000000 0.5627136471 0.0000000000
0.0000000000 0.7861423540 0.0000000000
0.0000000000 0.5801773282 0.0000000000
0.0000000000 0.4358669855 0.0000000000
0.0000000000 0.7281589647 0.0000000000
0.0000000000 0.7833356594 0.0000000000
0.0000000000 0.1034564438 0.0000000000
0.0000000000 0.2208734254 0.0000000000
0.0000000000 0.1882105239 0.0000000000
0.0000000000 0.3042417737 0.0000000000
0.0000000000 0.1817683925 0.0000000000
0.0000000000 0.1497493864 0.0000000000
0.0000000000 0.6666584391 0.0000000000
0.0000010124 0.5330027735 0.0000000000
0.0000000000 0.0985146252 0.0000000000
0.0000000000 0.7037923653 0.0000000000
0.0000000000 0.1817683925 0.0000000000
0.0000000000 0.7581803985 0.0000000000
0.0000000000 0.3809326520 0.0000000000
0.0000006576 0.2348429397 0.0000000000
0.0000000000 0.7037923653 0.0000000000
0.0000000000 0.0786266741 0.0000000000
0.0000012918 0.0248434045 0.0000000000
0.0000000000 0.5508841978 0.0000000000
0.0000000000 0.1882105239 0.0000000000
0.0000000000 0.0836153048 0.0000000000
0.0000006446 0.0020310643 0.0000000000
0.0000000000 0.3113176300 0.0000000000
0.0000000000 0.7702110854 0.0000000000
0.0000000000 0.7803133578 0.0000000000
0.0000000000 0.7373579136 0.0000000000
0.0000000000 0.7281589647 0.0000000000
0.0000000000 0.7866249343 0.0000000000
0.0000000000 0.2208734254 0.0000006568
0.0000000000 0.0096434049 0.0000000000
0.0000000000 0.7803133578 0.0000000000
0.0000000000 0.7216091263 0.0000000000
0.0000006699 0.4490651451 0.0000000000
0.0000000000 0.0310667858 0.0000000000
0.0000000000 0.2208734254 0.0000000000
0.0000000000 0.7625351126 0.0000010333
0.0000000000 0.0039232134 0.0000000000
0.0041693256 0.0000000000 0.0041693256
0.0000000000 0.5567522265 0.0000000000
0.0000000000 0.4291866912 0.0000000000
0.0000000000 0.0557833700 0.0000000000
0.0048219789 0.0000000000 0.0048219789
0.0000000000 0.1946273868 0.0000000000
0.0000000000 0.2486844551 0.0000000000
0.0000000000 0.0736265392 0.0000000000
0.0000000000 0.0935592945 0.0000000000
0.0000000000 0.2759710961 0.0000000000
0.0000000000 0.2417803839 0.0000013159
0.0000000000 0.6621758689 0.0000000000
0.0073530057 0.0000000000 0.0073530057
0.0000000000 0.7484474564 0.0000000000
0.0000000000 0.0935599441 0.0000000000
0.0000000000 0.0515781268 0.0000000000
0.0000000000 0.0346409145 0.0000000000
0.0000000000 0.1557597763 0.0000000000
0.0000000000 0.7558744192 0.0000000000
0.0000000000 0.7216091263 0.0000000000
0.0000000000 0.7765044814 0.0000000000
0.0000010354 0.7849149414 0.0000000000
0.0000000000 0.7814081091 0.0000000000
0.0000000000 0.4824810762 0.0000000000
0.0000000000 0.6336696918 0.0000000000
0.0000000000 0.4019267520 0.0000000000
0.0000000000 0.1817683925 0.0000000000
0.0000000000 0.6710690168 0.0000010249
0.0000000000 0.0431100381 0.0000000000
0.0000000000 0.7684209160 0.0000000000
0.0041706142 0.0000000000 0.0041693256
0.0000000000 0.6710690168 0.0000010249
0.0000000000 0.7877216919 0.0000000000
0.0000000000 0.1091633814 0.0000000000
0.0000000000 0.0935599441 0.0000006497
0.0000000000 0.2073851400 0.0000000000
0.0000000000 0.2555570696 0.0000000000
0.0000000000 0.0310667858 0.0000000000
0.0000000000 0.7484474564 0.0000000000
0.0000000000 0.7803133578 0.0000000000
0.0000000000 0.4824810762 0.0000000000
0.0000000000 0.2348429397 0.0000006576
0.0000000000 0.4424936146 0.0000000000
0.0000010304 0.7313089305 0.0000000000
0.0000000000 0.0124374373 0.0000000000
0.0000000000 0.6960943588 0.0000000000
0.0000000000 0.0515781268 0.0000000000
0.0000000000 0.0279530701 0.0000012921
0.0000000000 0.2555570696 0.0000000000
0.0000000000 0.7870195059 0.0000000000
0.0000000000 0.2073851400 0.0000000000
0.0000000000 0.7581803985 0.0000000000
0.0073530057 0.0000000000 0.0073530057
0.0000000000 0.6386105825 0.0000000000
0.0000000000 0.1091633814 0.0000000000
0.0000000000 0.7875459686 0.0000000000
0.0000000000 0.2899663016 0.0000000000
0.0000000000 0.7735309375 0.0000000000
0.0000000000 0.2073851400 0.0000000000
0.0000000000 0.4490644751 0.0000000000
0.0000000000 0.0248434045 0.0000012918
0.0000000000 0.4557235903 0.0000000000
0.0000000000 0.5145326991 0.0000000000
0.0000000000 0.1150130284 0.0000000000
0.0000000000 0.0346409145 0.0000000000
0.0000000000 0.2486857718 0.0000013167
0.0000000000 0.7313089305 0.0000010304
0.0000000000 0.6131553387 0.0000000000
0.0000000000 0.3183508070 0.0000000000
0.0054668655 0.0000000000 0.0054655771
0.0000000000 0.3391941448 0.0000000000
0.0000000000 0.2486844551 0.0000000000
0.0000010210 0.6286533822 0.0000000000
0.0000000000 0.6529797501 0.0000000000
0.0000000000 0.2348429397 0.0000006576
0.0000000000 0.2899676230 0.0000000000
0.0000000000 0.2417803839 0.0000000000
0.0000000000 0.6434773177 0.0000010224
0.0000000000 0.0279530701 0.0000000000
0.0000000000 0.6921232744 0.0000000000
0.0000000000 0.1150130284 0.0000000000
0.0000000000 0.4358669855 0.0000000000
0.0000012899 0.0077316375 0.0000000000
0.0000006901 0.7814081091 0.0000000000
0.0000000000 0.7604007616 0.0000010332
0.0000000000 0.0786266741 0.0000000000
0.0000000000 0.3322894736 0.0000000000
0.0000000000 0.4019267520 0.0000000000
0.0000006672 0.4019267520 0.0000000000
0.0000000000 0.6078414356 0.0000000000
0.0017387937 0.0000000000 0.0017394381
0.0041693256 0.0000000000 0.0041693256
0.0000000000 0.0020291304 0.0000000000
0.0000000000 0.4224521577 0.0000000000
0.0000000000 0.2827424079 0.0000006603
0.0000000000 0.1753016886 0.0000000000
0.0000000000 0.7075194614 0.0000000000
0.0000000000 0.6999836275 0.0000000000
0.0000000000 0.0935592945 0.0000000000
0.0000000000 0.0077316375 0.0000000000
0.0000000000 0.2623955350 0.0000000000
0.0000000000 0.7702110854 0.0000000000
0.0000000000 0.2555570696 0.0000000000
0.0000000000 0.0786266741 0.0000000000
0.0000000000 0.4424936146 0.0000000000
0.0000000000 0.0001417958 0.0000000000
0.0000000000 0.7750605421 0.0000000000
0.0000006664 0.3879819381 0.0000000000
0.0000000000 0.4088207570 0.0000000000
0.0000000000 0.0473439693 0.0000000000
0.0000000000 0.1208454097 0.0000000000
0.0000000000 0.0637914025 0.0000000000
0.0061014100 0.0000000000 0.0061026984
0.0017394381 0.0000000000 0.0017394381
0.0000000000 0.0155335136 0.0000000000
0.0000000000 0.0248434045 0.0000000000
0.0000000000 0.0248434045 0.0000000000
0.0000000000 0.7873267500 0.0000000000
0.0000000000 0.7875459686 0.0000000000
0.0000000000 0.0155335136 0.0000000000
0.0000000000 0.0077303476 0.0000000000
0.0000006859 0.7147290877 0.0000000000
0.0000000000 0.6754386171 0.0000000000
0.0000000000 0.5744264766 0.0000000000
0.0000000000 0.7866249343 0.0000000000
0.0000000000 0.0039245029 0.0000000000
0.0000000000 0.7702110854 0.0000000000
0.0000000000 0.7216091263 0.0000000000
0.0000000000 0.6666584391 0.0000000000
0.0000000000 0.1688117609 0.0000013077
0.0000010304 0.7313089305 0.0000000000
0.0000000000 0.0279530701 0.0000000000
0.0000000000 0.6336696918 0.0000000000
0.0000000000 0.7281589647 0.0000000000
0.0000000000 0.7558744192 0.0000000000
0.0000000000 0.6576172981 0.0000000000
0.0000013070 0.1622973410 0.0000000000
0.0000000000 0.1497493864 0.0000000000
0.0000000000 0.7791307479 0.0000000000
0.0000000000 0.3460538338 0.0000000000
0.0000000000 0.2827417476 0.0000000000
0.0000006478 0.0597912402 0.0000000000
0.0035108373 0.0000000000 0.0035108373
0.0000000000 0.5207550321 0.0000013484
0.0000000000 0.1557597763 0.0000000000
0.0000000000 0.6921232744 0.0000000000
0.0000000000 0.4890166003 0.0000000000
0.0000000000 0.5686054389 0.0000000000
0.0000000000 0.7873267500 0.0000000000
0.0000000000 0.1753016886 0.0000000000
0.0000000000 0.3322894736 0.0000000000
0.0000000000 0.7373579136 0.0000000000
0.0000000000 0.7484474564 0.0000000000
0.0000013036 0.1324615310 0.0000000000
0.0000000000 0.6131553387 0.0000000000
0.0000006800 0.6183955930 0.0000000000
0.0000000000 0.2486844551 0.0000000000
0.0000000000 0.0431100381 0.0000000000
0.0000010186 0.6024550069 0.0000000000
0.0000000000 0.7765044814 0.0000000000
0.0000006699 0.4490651451 0.0000000000
0.0000000000 0.6235617551 0.0000000000
0.0000000000 0.4224521577 0.0000000000
0.0000000000 0.2208734254 0.0000000000
0.0000000000 0.0155335136 0.0000000000
0.0000010134 0.5449905043 0.0000000000
0.0000000000 0.6621768929 0.0000010241
0.0000000000 0.2010189394 0.0000000000
0.0000000000 0.0637920505 0.0000006480
0.0000000000 0.0473439693 0.0000000000
0.0000000000 0.2208734254 0.0000000000
0.0000000000 0.2278748108 0.0000013143
0.0000000000 0.5858572080 0.0000000000
0.0000000000 0.7581803985 0.0000000000
0.0000000000 0.7684209160 0.0000000000
0.0000000000 0.3738337917 0.0000000000
0.0000000000 0.2827417476 0.0000000000
0.0000000000 0.5019003988 0.0000006731
0.0000000000 0.4954892951 0.0000000000
0.0000000000 0.3042417737 0.0000000000
0.0000000000 0.7841680675 0.0000000000
0.0000010332 0.7604007616 0.0000000000
0.0000000000 0.4019267520 0.0000000000
0.0000000000 0.5330027735 0.0000000000
0.0000000000 0.6286533822 0.0000000000
0.0000013287 0.3528711172 0.0000000000
0.0000000000 0.1882105239 0.0000000000
0.0000000000 0.7625340793 0.0000000000
0.0000000000 0.3879819381 0.0000000000
0.0000000000 0.7216091263 0.0000000000
0.0000000000 0.7216091263 0.0000000000
0.0000000000 0.2278734964 0.0000000000
0.0000006859 0.7147290877 0.0000000000
0.0000000000 0.0039232134 0.0000000000
0.0000000000 0.0217358487 0.0000000000
0.0000000000 0.5567522265 0.0000000000
0.0000000000 0.0217358487 0.0000000000
0.0061014100 0.0000000000 0.0061026984
0.0000000000 0.4824810762 0.0000000000
0.0000000000 0.7833356594 0.0000000000
0.0000000000 0.2486844551 0.0000000000
0.0000000000 0.5627136471 0.0000000000
0.0000000000 0.6131553387 0.0000000000
0.0000013430 0.4758855170 0.0000000000
0.0000000000 0.2486844551 0.0000000000
0.0000000000 0.0597912402 0.0000000000
0.0000000000 0.3528697885 0.0000000000
0.0000000000 0.3949802251 0.0000000000
0.0000000000 0.0186329832 0.0000000000
0.0000000000 0.2417803839 0.0000000000
0.0000000000 0.5627136471 0.0000000000
0.0000000000 0.5567512120 0.0000000000
0.0000000000 0.2692011098 0.0000000000
0.0000013461 0.5019017449 0.0000000000
0.0000000000 0.1266611510 0.0000000000
0.0000000000 0.4824810762 0.0000000000
0.0000000000 0.7484474564 0.0000000000
0.0000000000 0.0836153048 0.0000000000
0.0000000000 0.7765044814 0.0000000000
0.0000000000 0.7645823682 0.0000000000
0.0000000000 0.6131553387 0.0000000000
0.0000000000 0.7824153209 0.0000000000
0.0000000000 0.5801773282 0.0000000000
0.0000000000 0.0597912402 0.0000000000
0.0048219789 0.0000000000 0.0048219789
0.0000000000 0.1946273868 0.0000000000
0.0000000000 0.2692011098 0.0000000000
0.0000000000 0.5269106351 0.0000000000
0.0000000000 0.6839407986 0.0000000000
0.0000000000 0.2278734964 0.0000000000
0.0000000000 0.7665452367 0.0000000000
0.0000000000 0.0388756863 0.0000000000
0.0000000000 0.1557604294 0.0000006531
0.0000000000 0.2759710961 0.0000006599
0.0000000000 0.7870195059 0.0000000000
0.0000000000 0.1817683925 0.0000000000
0.0000000000 0.7216091263 0.0000000000
0.0035108373 0.0000000000 0.0035108373
0.0000000000 0.7037923653 0.0000000000
0.0041693256 0.0000000000 0.0041693256
0.0000006462 0.0310667858 0.0000000000
0.0000013368 0.4224521577 0.0000000000
0.0000013099 0.1882105239 0.0000000000
0.0000000000 0.7147290877 0.0000000000
0.0000010186 0.6024550069 0.0000000000
0.0048219789 0.0000000000 0.0048219789
0.0000000000 0.7824153209 0.0000000000
0.0000000000 0.4890166003 0.0000000000
0.0054655771 0.0000000000 0.0054655771
0.0000000000 0.0039245029 0.0000000000
0.0000000000 0.1266611510 0.0000000000
0.0000000000 0.5145340468 0.0000000000
0.0000000000 0.7510089246 0.0000010323
0.0000000000 0.0039232134 0.0000000000
0.0000000000 0.4424942842 0.0000006696
0.0000000000 0.0058246928 0.0000000000
0.0000000000 0.2759710961 0.0000006599
0.0000000000 0.7604007616 0.0000010332
0.0000000000 0.0786266741 0.0000000000
0.0000000000 0.3809339839 0.0000013319
0.0000000000 0.7861423540 0.0000000000
0.0000000000 0.7111651765 0.0000000000
0.0000010186 0.6024550069 0.0000000000
0.0000000000 0.0346409145 0.0000000000
0.0000000000 0.5801773282 0.0000000000
0.0048219789 0.0000000000 0.0048219789
0.0000000000 0.6434773177 0.0000010224
0.0000013294 0.3596412664 0.0000000000
0.0000000000 0.6621758689 0.0000000000
0.0000000000 0.5858572080 0.0000000000
0.0000000000 0.0155335136 0.0000000000
0.0000000000 0.5145340468 0.0000000000
0.0000000000 0.5914629555 0.0000000000
0.0000000000 0.1557604294 0.0000006531
0.0000000000 0.7824153209 0.0000000000
0.0000000000 0.0473439693 0.0000000000
0.0000000000 0.7778613424 0.0000000000
0.0000000000 0.1946273868 0.0000000000
0.0000000000 0.7765044814 0.0000000000
0.0000000000 0.2971246388 0.0000000000
0.0000000000 0.3391941448 0.0000000000
0.0000000000 0.7510078923 0.0000000000
0.0000000000 0.4291866912 0.0000000000
0.0000000000 0.6960943588 0.0000000000
0.0000000000 0.0058246928 0.0000000000
0.0000000000 0.4954892951 0.0000000000
0.0017387937 0.0000000000 0.0017387937
0.0000000000 0.6999836275 0.0000000000
0.0000000000 0.2486844551 0.0000000000
0.0000000000 0.7870195059 0.0000000000
0.0000000000 0.1266611510 0.0000000000
0.0000000000 0.6839407986 0.0000000000
0.0000000000 0.3809326520 0.0000000000
0.0000000000 0.3113176300 0.0000000000
0.0000013430 0.4758855170 0.0000000000
0.0054668655 0.0000000000 0.0054668655
0.0000000000 0.5567512120 0.0000000000
0.0000000000 0.6797292413 0.0000000000
0.0000000000 0.7581803985 0.0000000000
0.0000000000 0.6839407986 0.0000000000
0.0000013099 0.1882105239 0.0000000000
0.0000000000 0.3528697885 0.0000000000
0.0000000000 0.1557597763 0.0000000000
0.0000000000 0.1622973410 0.0000000000
0.0000000000 0.0736265392 0.0000000000
0.0000006901 0.7814081091 0.0000000000
0.0000000000 0.3322894736 0.0000000000
0.0000000000 0.1753016886 0.0000000000
0.0000000000 0.6960943588 0.0000000000
0.0000000000 0.7604007616 0.0000010332
0.0000000000 0.6131553387 0.0000000000
0.0000000000 0.0155335136 0.0000000000
0.0000013287 0.3528711172 0.0000000000
0.0000010232 0.6529807733 0.0000000000
0.0000000000 0.3391941448 0.0000000000
0.0000000000 0.7111651765 0.0000000000
0.0000000000 0.0786266741 0.0000000000
0.0000000000 0.7750605421 0.0000000000
0.0000000000 0.0885930661 0.0000000000
0.0000000000 0.0310667858 0.0000000000
0.0000006542 0.1753023428 0.0000000000
0.0000000000 0.3738337917 0.0000000000
0.0000000000 0.3322894736 0.0000000000
0.0000000000 0.4490644751 0.0000000000
0.0000000000 0.5330027735 0.0000010124
0.0000000000 0.7855717766 0.0000000000
0.0000000000 0.2759710961 0.0000006599
0.0000000000 0.7111651765 0.0000000000
0.0000000000 0.0279530701 0.0000000000
0.0000000000 0.0431100381 0.0000000000
0.0000000000 0.1557604294 0.0000006531
0.0000000000 0.7147290877 0.0000000000
0.0000000000 0.1753016886 0.0000000000
0.0000000000 0.6131553387 0.0000000000
0.0000000000 0.1091633814 0.0000000000
0.0000000000 0.4890166003 0.0000000000
0.0000000000 0.2971246388 0.0000000000
0.0000000000 0.6131553387 0.0000000000
0.0000006607 0.2899682837 0.0000000000
0.0000000000 0.4088207570 0.0000000000
0.0000000000 0.0736265392 0.0000000000
0.0000000000 0.0686155631 0.0000000000
0.0000010176 0.5914629555 0.0000000000
0.0000010325 0.7534845980 0.0000000000
0.0000000000 0.5449905043 0.0000000000
0.0000000000 0.1382426142 0.0000000000
0.0000000000 0.7735309375 0.0000000000
0.0000000000 0.2073851400 0.0000000000
0.0000000000 0.3596412664 0.0000013294
0.0000000000 0.4758841740 0.0000000000
0.0000010354 0.7841691029 0.0000000000
0.0000000000 0.0686155631 0.0000000000
0.0000000000 0.7373579136 0.0000000000
0.0000000000 0.7484474564 0.0000000000
0.0000000000 0.0736265392 0.0000000000
0.0000000000 0.0388756863 0.0000000000
0.0000000000 0.2417803839 0.0000000000
0.0000000000 0.7625340793 0.0000000000
0.0000012918 0.0248434045 0.0000000000
0.0000000000 0.1817683925 0.0000000000
0.0000000000 0.0736265392 0.0000000000
0.0000000000 0.7343749264 0.0000000000
0.0000000000 0.4954892951 0.0000000000
0.0000000000 0.7625340793 0.0000000000
0.0000000000 0.5330027735 0.0000000000
0.0000000000 0.7510089246 0.0000010323
0.0000000000 0.7750605421 0.0000000000
0.0000013070 0.1622973410 0.0000000000
0.0000000000 0.5686054389 0.0000000000
0.0000000000 0.3460538338 0.0000000000
0.0000000000 0.0786266741 0.0000000000
0.0000000000 0.7824153209 0.0000000000
0.0000000000 0.2971246388 0.0000000000
0.0067320556 0.0000000000 0.0067320556
0.0073530057 0.0000000000 0.0073530057
0.0000010354 0.7841691029 0.0000000000
0.0000000000 0.0124374373 0.0000000000
0.0000000000 0.1266611510 0.0000000000
0.0000000000 0.7684209160 0.0000000000
0.0000000000 0.1150130284 0.0000000000
0.0000000000 0.0388756863 0.0000000000
0.0000000000 0.0096434049 0.0000000000
0.0000010332 0.7604007616 0.0000000000
0.0000000000 0.7581803985 0.0000000000
0.0000006462 0.0310667858 0.0000000000
0.0079661943 0.0000000000 0.0079661943
0.0000000000 0.0637920505 0.0000006480
0.0000000000 0.0935599441 0.0000000000
0.0000000000 0.2692011098 0.0000000000
0.0000000000 0.0186329832 0.0000000000
0.0000000000 0.1882105239 0.0000000000
0.0000000000 0.1324602274 0.0000000000
0.0000000000 0.7558744192 0.0000000000
0.0000000000 0.7484474564 0.0000000000
0.0000000000 0.4088207570 0.0000000000
0.0000000000 0.7510078923 0.0000000000
0.0000000000 0.5449905043 0.0000000000
0.0000000000 0.6078414356 0.0000000000
0.0000000000 0.0686168597 0.0000000000
0.0000000000 0.7402561065 0.0000000000
0.0041706142 0.0000000000 0.0041693256
0.0000000000 0.4890166003 0.0000000000
0.0017387937 0.0000000000 0.0017387937
0.0000010354 0.7841691029 0.0000000000
0.0000000000 0.1091633814 0.0000000000
0.0000000000 0.7735319719 0.0000010344
0.0000000000 0.1497493864 0.0000000000
0.0000000000 0.7824153209 0.0000000000
0.0000000000 0.5858572080 0.0000000000
0.0000006699 0.4490651451 0.0000000000
0.0000000000 0.0217358487 0.0000000000
0.0000000000 0.0186329832 0.0000000000
0.0000000000 0.3460538338 0.0000000000
0.0000000000 0.2278734964 0.0000000000
0.0000000000 0.0388756863 0.0000000000
0.0000000000 0.0736265392 0.0000000000
0.0000000000 0.3596412664 0.0000013294
0.0000000000 0.0039232134 0.0000000000
0.0000000000 0.0248434045 0.0000000000
0.0035108373 0.0000000000 0.0035108373
0.0000000000 0.6336696918 0.0000000000
0.0000000000 0.7765044814 0.0000000000
0.0000000000 0.7075194614 0.0000000000
0.0054668655 0.0000000000 0.0054668655
0.0000000000 0.1034564438 0.0000013004
0.0000000000 0.7604007616 0.0000010332
0.0000000000 0.0155335136 0.0000000000
0.0000000000 0.0217358487 0.0000000000
0.0000000000 0.4824810762 0.0000000000
0.0000000000 0.1266611510 0.0000000000
0.0000000000 0.7803133578 0.0000010350
0.0000000000 0.7735309375 0.0000000000
0.0000006615 0.3042417737 0.0000000000
0.0000000000 0.5082491335 0.0000000000
0.0000000000 0.7458019726 0.0000000000
0.0000000000 0.2555570696 0.0000000000
0.0000000000 0.1946273868 0.0000000000
0.0000000000 0.6482667323 0.0000000000
0.0000000000 0.7873267500 0.0000000000
0.0000000000 0.4291866912 0.0000000000
0.0000000000 0.3879819381 0.0000000000
0.0000000000 0.0310667858 0.0000006462
0.0000006866 0.7249257868 0.0000000000
0.0000000000 0.7075194614 0.0000000000
0.0000000000 0.6078414356 0.0000000000
0.0000000000 0.6666584391 0.0000000000
0.0000000000 0.3460538338 0.0000000000
0.0000000000 0.4625093467 0.0000000000
0.0000000000 0.4692266718 0.0000000000
0.0000000000 0.7841680675 0.0000000000
0.0000010129 0.5390299943 0.0000000000
0.0000000000 0.7750605421 0.0000000000
0.0000000000 0.7870195059 0.0000000000
0.0000000000 0.6131553387 0.0000000000
0.0000000000 0.7343749264 0.0000000000
0.0000000000 0.6960943588 0.0000000000
0.0000000000 0.7075194614 0.0000000000
0.0000000000 0.7216091263 0.0000000000
0.0000000000 0.6434773177 0.0000010224
0.0000000000 0.7702110854 0.0000000000
0.0000000000 0.4424936146 0.0000000000
0.0054668655 0.0000000000 0.0054668655
0.0000000000 0.3949802251 0.0000000000
0.0000000000 0.7281589647 0.0000000000
0.0000000000 0.2486844551 0.0000000000
0.0000000000 0.1440050242 0.0000000000
0.0000000000 0.7625340793 0.0000000000
0.0000000000 0.3391941448 0.0000000000
0.0000000000 0.7849139060 0.0000000000
0.0000000000 0.1946273868 0.0000000000
0.0000010315 0.7430715017 0.0000000000
0.0000000000 0.2899676230 0.0000000000
0.0000000000 0.0515781268 0.0000000000
0.0000000000 0.0279530701 0.0000012921
0.0000000000 0.7849139060 0.0000000000
0.0000000000 0.7510089246 0.0000010323
0.0000000000 0.3322894736 0.0000000000
0.0000000000 0.0186329832 0.0000000000
0.0000000000 0.7849139060 0.0000000000
0.0000013077 0.1688117609 0.0000000000
0.0000000000 0.6482667323 0.0000000000
0.0000000000 0.0001417958 0.0000000000
0.0000000000 0.7855717766 0.0000000000
0.0000000000 0.2010189394 0.0000000000
0.0000000000 0.5330027735 0.0000010124
0.0000000000 0.0836153048 0.0000000000
0.0000000000 0.5082484601 0.0000000000
0.0000010129 0.5390299943 0.0000000000
0.0000000000 0.6999836275 0.0000000000
0.0000000000 0.7216091263 0.0000000000
0.0000000000 0.7147290877 0.0000000000
0.0000000000 0.3809339839 0.0000013319
0.0000000000 0.7373579136 0.0000000000
0.0000000000 0.4692266718 0.0000000000
0.0000000000 0.7833356594 0.0000000000
0.0000006446 0.0020310643 0.0000000000
0.0000010325 0.7534845980 0.0000000000
0.0000000000 0.5914619379 0.0000000000
0.0000000000 0.7824153209 0.0000000000
0.0000000000 0.2417803839 0.0000000000
0.0000000000 0.4824810762 0.0000000000
0.0000000000 0.7216091263 0.0000000000
0.0000000000 0.3460538338 0.0000000000
0.0000000000 0.2555570696 0.0000000000
0.0000000000 0.1034564438 0.0000000000
0.0000000000 0.5567522265 0.0000000000
0.0000000000 0.0039232134 0.0000000000
0.0000000000 0.0736265392 0.0000000000
0.0000000000 0.5801773282 0.0000000000
0.0000000000 0.7111651765 0.0000000000
0.0000000000 0.0155335136 0.0000000000
0.0000000000 0.0786266741 0.0000000000
0.0000000000 0.0515781268 0.0000000000
0.0000000000 0.2555570696 0.0000000000
0.0000000000 0.0124374373 0.0000000000
0.0000000000 0.2278734964 0.0000000000
0.0000000000 0.0885930661 0.0000000000
0.0000000000 0.3596399370 0.0000000000
0.0000000000 0.6839407986 0.0000000000
0.0000000000 0.3391941448 0.0000000000
0.0000000000 0.0985146252 0.0000000000
0.0000000000 0.3738324606 0.0000000000
0.0000000000 0.7581803985 0.0000000000
0.0000000000 0.7861423540 0.0000000000
0.0000000000 0.2827417476 0.0000000000
0.0000000000 0.7702110854 0.0000000000
0.0000000000 0.7510089246 0.0000010323
0.0000000000 0.1946273868 0.0000000000
0.0000013461 0.5019017449 0.0000000000
0.0000000000 0.3460538338 0.0000000000
0.0000000000 0.6078414356 0.0000000000
0.0000000000 0.7313089305 0.0000010304
0.0000000000 0.1817683925 0.0000000000
0.0000013077 0.1688117609 0.0000000000
0.0000000000 0.7765044814 0.0000000000
0.0000000000 0.7702110854 0.0000000000
0.0000006446 0.0020310643 0.0000000000
0.0000000000 0.4692266718 0.0000000000
0.0000000000 0.4358669855 0.0000000000
0.0000000000 0.5019003988 0.0000000000
0.0000000000 0.5269106351 0.0000000000
0.0048219789 0.0000000000 0.0048219789
0.0000000000 0.1324602274 0.0000000000
0.0000000000 0.7484474564 0.0000000000
0.0000010210 0.6286533822 0.0000000000
0.0000000000 0.4291866912 0.0000000000
0.0000000000 0.7861423540 0.0000000000
0.0000000000 0.6131553387 0.0000000000
0.0000000000 0.1497493864 0.0000000000
0.0000000000 0.1440056767 0.0000000000
0.0000006615 0.3042417737 0.0000000000
0.0000000000 0.1091633814 0.0000000000
0.0041693256 0.0000000000 0.0041693256
0.0000000000 0.5508841978 0.0000000000
0.0000000000 0.5969944599 0.0000000000
0.0000000000 0.6999836275 0.0000000000
0.0000000000 0.6131553387 0.0000000000
0.0000000000 0.0388756863 0.0000000000
0.0000000000 0.6839407986 0.0000000000
0.0000000000 0.5744264766 0.0000000000
0.0000000000 0.5508841978 0.0000000000
0.0000006800 0.6183955930 0.0000000000
0.0000000000 0.6235617551 0.0000000000
0.0000000000 0.0431100381 0.0000000000
0.0000000000 0.4890166003 0.0000000000
0.0000010315 0.7430715017 0.0000000000
0.0000000000 0.0515781268 0.0000000000
0.0000000000 0.7458019726 0.0000000000
0.0000000000 0.5449905043 0.0000000000
0.0000000000 0.3460538338 0.0000000000
0.0000000000 0.7870195059 0.0000000000
0.0000000000 0.1266611510 0.0000000000
0.0000000000 0.5858572080 0.0000000000
0.0000000000 0.7841680675 0.0000000000
0.0000000000 0.7402561065 0.0000000000
0.0079661943 0.0000000000 0.0079661943
0.0000000000 0.4156628128 0.0000000000
0.0000006899 0.7778613424 0.0000000000
0.0000000000 0.0985146252 0.0000000000
0.0000000000 0.3183508070 0.0000000000
0.0000000000 0.5744264766 0.0000000000
0.0000000000 0.7581803985 0.0000000000
0.0000000000 0.4088207570 0.0000000000
0.0000000000 0.7877216919 0.0000000000
0.0000000000 0.2971246388 0.0000000000
0.0000000000 0.3322894736 0.0000000000
0.0000000000 0.6621758689 0.0000000000
0.0000000000 0.5269106351 0.0000000000
0.0000000000 0.7147290877 0.0000000000
0.0000000000 0.5567522265 0.0000010145
0.0000000000 0.7182100871 0.0000000000
0.0000000000 0.6078414356 0.0000000000
0.0000000000 0.7343749264 0.0000000000
0.0000000000 0.7841680675 0.0000000000
0.0000000000 0.6482667323 0.0000000000
0.0000006576 0.2348429397 0.0000000000
0.0000000000 0.7373579136 0.0000000000
0.0000000000 0.0388756863 0.0000000000
0.0000000000 0.7841680675 0.0000000000
0.0000013036 0.1324615310 0.0000000000
0.0000000000 0.6797292413 0.0000000000
0.0000000000 0.6078414356 0.0000000000
0.0000006699 0.4490651451 0.0000000000
0.0000000000 0.7873267500 0.0000000000
0.0000000000 0.7075194614 0.0000000000
0.0000000000 0.0155335136 0.0000000000
0.0000006866 0.7249257868 0.0000000000
0.0000000000 0.7534845980 0.0000000000
0.0000000000 0.4424936146 0.0000000000
0.0000000000 0.2073851400 0.0000000000
0.0000000000 0.7778606525 0.0000000000
0.0000000000 0.1324602274 0.0000000000
0.0000010315 0.7430715017 0.0000000000
0.0000000000 0.4625093467 0.0000000000
0.0000000000 0.7855717766 0.0000000000
0.0000010219 0.6386116044 0.0000000000
0.0000000000 0.6621758689 0.0000000000
0.0000000000 0.6621758689 0.0000000000
0.0000000000 0.7558744192 0.0000000000
0.0000000000 0.1946273868 0.0000000000
0.0000010186 0.6024550069 0.0000000000
0.0000000000 0.7313089305 0.0000010304
0.0000000000 0.7876775019 0.0000000000
0.0000000000 0.3596412664 0.0000013294
0.0000000000 0.2692011098 0.0000000000
0.0000013030 0.1266624540 0.0000000000
0.0000000000 0.1882105239 0.0000000000
0.0000000000 0.0077316375 0.0000000000
0.0000000000 0.4692266718 0.0000000000
0.0000000000 0.0431100381 0.0000000000
0.0000000000 0.7870195059 0.0000000000
0.0000000000 0.3809326520 0.0000000000
0.0000000000 0.0736265392 0.0000000000
0.0000000000 0.7430715017 0.0000010315
0.0000000000 0.6482667323 0.0000000000
0.0000000000 0.0473439693 0.0000000000
0.0000000000 0.5627136471 0.0000000000
0.0000000000 0.1034564438 0.0000000000
0.0000000000 0.6666584391 0.0000000000
0.0000000000 0.7849139060 0.0000000000
0.0000012918 0.0248434045 0.0000000000
0.0000013484 0.5207550321 0.0000000000
0.0000000000 0.5567522265 0.0000000000
0.0000000000 0.5627136471 0.0000000000
0.0000000000 0.0124374373 0.0000000000
0.0000000000 0.4557235903 0.0000000000
0.0000000000 0.2555570696 0.0000000000
0.0000000000 0.1034564438 0.0000000000
0.0000013294 0.3596412664 0.0000000000
0.0000000000 0.7750615766 0.0000010345
0.0000000000 0.0637920505 0.0000006480
0.0000000000 0.5858572080 0.0000000000
0.0000000000 0.5269106351 0.0000000000
0.0000000000 0.6434773177 0.0000010224
0.0000000000 0.7281589647 0.0000000000
0.0000000000 0.0020304197 0.0000000000
0.0000000000 0.1497493864 0.0000000000
0.0000000000 0.6576172981 0.0000000000
0.0000000000 0.7833356594 0.0000000000
0.0000000000 0.7750605421 0.0000000000
