0.7001904193 0.0000000000 0.7001904193
0.0579967136 0.0000000000 0.0579959351
0.2211218552 0.0000000000 0.2211218552
0.5215433460 0.0000000000 0.5215433460
0.2065211351 0.0000000000 0.2065211351
0.1786861139 0.0000000000 0.1786861139
1.0883666539 0.0000000000 1.0883666539
0.9639634977 0.0000000000 0.9639634977
0.6067446896 0.0000000000 0.6067446896
1.0111235577 0.0000000000 1.0111235577
0.0095778024 0.0000000000 0.0095778024
0.8721885257 0.0000000000 0.8721885257
0.2666616574 0.0000000000 0.2666616574
0.1342915009 0.0000000000 0.1342915009
1.0644847595 0.0000000000 1.0644847595
0.0209167718 0.0000000000 0.0209179440
0.5591420277 0.0000000000 0.5591420277
0.1342915009 0.0000000000 0.1342915009
1.0350886575 0.0000000000 1.0350886575
0.7541645484 0.0000000000 0.7541645484
0.9704457302 0.0000000000 0.9704457302
0.6067439523 0.0000000000 0.6067439523
0.0146978628 0.0000000000 0.0146978628
0.1065990019 0.0000000000 0.1065990019
0.9174651463 0.0000000000 0.9174651463
0.8878716942 0.0000000000 0.8878716942
0.1592893842 0.0000000000 0.1592893842
0.7001904193 0.0000000000 0.7001904193
0.5784636706 0.0000000000 0.5784636706
1.0792304190 0.0000000000 1.0792293615
0.1287279902 0.0000000000 0.1287279902
0.9244909984 0.0000000000 0.9244909984
0.2427586431 0.0000000000 0.2427586431
0.0579967136 0.0000000000 0.0579959351
0.0106136074 0.0000000000 0.0106136074
0.8394258808 0.0000000000 0.8394269623
0.7181119654 0.0000000000 0.7181119654
0.2504814759 0.0000000000 0.2504814759
0.3321820336 0.0000000000 0.3321820336
0.0274858835 0.0000000000 0.0274858835
1.0726433744 0.0000000000 1.0726433744
0.9174651463 0.0000000000 0.9174651463
0.0146978628 0.0000000000 0.0146978628
0.7001904193 0.0000000000 0.7001904193
0.0472497716 0.0000000000 0.0472497716
0.3321808977 0.0000000000 0.3321820336
0.9829090317 0.0000000000 0.9829090317
1.0474101125 0.0000000000 1.0474101125
1.0644847595 0.0000000000 1.0644847595
1.0644847595 0.0000000000 1.0644847595
0.2138387318 0.0000000000 0.2138387318
1.0474090519 0.0000000000 1.0474101125
1.0547591379 0.0000000000 1.0547598445
0.0472497716 0.0000000000 0.0472497716
0.1462277896 0.0000000000 0.1462277896
0.4556438249 0.0000000000 0.4556438249
0.7449368596 0.0000000000 0.7449368596
0.3408117619 0.0000000000 0.3408117619
1.0581751746 0.0000000000 1.0581751746
0.6818227085 0.0000000000 0.6818227085
1.0350886575 0.0000000000 1.0350886575
0.2984970149 0.0000000000 0.2984970149
0.7984075414 0.0000000000 0.7984075414
0.8394269623 0.0000000000 0.8394269623
0.1786861139 0.0000000000 0.1786861139
0.7092064988 0.0000000000 0.7092075938
0.8721885257 0.0000000000 0.8721885257
0.4110516515 0.0000000000 0.4110516515
0.2211207066 0.0000000000 0.2211218552
0.7984075414 0.0000000000 0.7984075414
0.4746130867 0.0000000000 0.4746130867
0.0650855622 0.0000000000 0.0650855622
0.3493872369 0.0000000000 0.3493872369
0.6341677979 0.0000000000 0.6341677979
0.0162667414 0.0000000000 0.0162659596
1.0393686248 0.0000000000 1.0393686248
0.3408125186 0.0000000000 0.3408125186
0.2666616574 0.0000000000 0.2666616574
0.3579082191 0.0000000000 0.3579082191
0.4290922325 0.0000000000 0.4290922325
1.0750131272 0.0000000000 1.0750131272
0.0106136074 0.0000000000 0.0106136074
0.9704457302 0.0000000000 0.9704457302
0.2906046805 0.0000000000 0.2906054410
0.1850977967 0.0000000000 0.1850977967
0.0209167718 0.0000000000 0.0209179440
0.7810925683 0.0000000000 0.7810936558
0.3663729595 0.0000000000 0.3663729595
0.0963735477 0.0000000000 0.0963735477
0.0162667414 0.0000000000 0.0162659596
0.5591420277 0.0000000000 0.5591420277
0.2211218552 0.0000000000 0.2211218552
1.0058183680 0.0000000000 1.0058194328
1.0726433744 0.0000000000 1.0726433744
1.0260152681 0.0000000000 1.0260163309
0.0248803287 0.0000000000 0.0248803287
0.9244909984 0.0000000000 0.9244909984
0.4650508291 0.0000000000 0.4650508291
0.9029655717 0.0000000000 0.9029655717
0.8954915973 0.0000000000 0.8954915973
0.2585935298 0.0000000000 0.2585935298
0.1010810718 0.0000000000 0.1010810718
0.9174651463 0.0000000000 0.9174651463
0.4468623834 0.0000000000 0.4468623834
1.0644847595 0.0000000000 1.0644847595
0.7541645484 0.0000000000 0.7541656387
0.8152066889 0.0000000000 0.8152074115
1.0830098116 0.0000000000 1.0830087545
1.0003443696 0.0000000000 1.0003443696
0.0828493713 0.0000000000 0.0828493713
0.0873767029 0.0000000000 0.0873774791
0.7001904193 0.0000000000 0.7001904193
0.0918856580 0.0000000000 0.0918856580
0.0377950663 0.0000000000 0.0377950663
0.0544289490 0.0000000000 0.0544289490
0.0650855622 0.0000000000 0.0650855622
0.0116168408 0.0000000000 0.0116168408
0.0436391064 0.0000000000 0.0436391064
0.8954926731 0.0000000000 0.8954926731
0.8394269623 0.0000000000 0.8394269623
1.0846349359 0.0000000000 1.0846356406
0.0095778024 0.0000000000 0.0095778024
1.0003443696 0.0000000000 1.0003443696
1.0898972975 0.0000000000 1.0898972975
0.4840973919 0.0000000000 0.4840973919
0.7984075414 0.0000000000 0.7984075414
0.2585935298 0.0000000000 0.2585935298
0.1342915009 0.0000000000 0.1342915009
0.1120921637 0.0000000000 0.1120921637
1.0511713124 0.0000000000 1.0511713124
0.9102896271 0.0000000000 0.9102896271
0.1722479682 0.0000000000 0.1722479682
0.7092075938 0.0000000000 0.7092064988
0.3663729595 0.0000000000 0.3663729595
1.0750141851 0.0000000000 1.0750131272
0.1175613725 0.0000000000 0.1175602118
0.6630152689 0.0000000000 0.6630152689
0.9947013043 0.0000000000 0.9947013043
0.9573582564 0.0000000000 0.9573582564
1.0830098116 0.0000000000 1.0830087545
0.1287279902 0.0000000000 0.1287279902
0.3927459713 0.0000000000 0.3927471005
0.0106136074 0.0000000000 0.0106136074
0.4380100391 0.0000000000 0.4380111633
0.2585935298 0.0000000000 0.2585935298
0.9829090317 0.0000000000 0.9829090317
0.0615483936 0.0000000000 0.0615483936
0.1287279902 0.0000000000 0.1287279902
0.9029655717 0.0000000000 0.9029655717
0.8954926731 0.0000000000 0.8954915973
1.0474090519 0.0000000000 1.0474101125
0.1120921637 0.0000000000 0.1120921637
0.8954926731 0.0000000000 0.8954915973
0.6910619777 0.0000000000 0.6910619777
0.7984075414 0.0000000000 0.7984075414
0.0873767029 0.0000000000 0.0873774791
1.0792304190 0.0000000000 1.0792293615
1.0907583214 0.0000000000 1.0907583214
0.0131197378 0.0000000000 0.0131197378
0.0508470299 0.0000000000 0.0508470299
0.0472497716 0.0000000000 0.0472497716
0.1398364382 0.0000000000 0.1398364382
0.8475788547 0.0000000000 0.8475788547
1.0212221220 0.0000000000 1.0212221220
0.0783024723 0.0000000000 0.0783024723
0.7449368596 0.0000000000 0.7449368596
1.0750141851 0.0000000000 1.0750131272
1.0111235577 0.0000000000 1.0111235577
0.0146978628 0.0000000000 0.0146978628
0.9767606911 0.0000000000 0.9767606911
0.3927459713 0.0000000000 0.3927471005
0.0193756053 0.0000000000 0.0193756053
0.5029689167 0.0000000000 0.5029689167
0.8801030343 0.0000000000 0.8801030343
1.0434750033 0.0000000000 1.0434750033
0.9029655717 0.0000000000 0.9029655717
0.9380923765 0.0000000000 0.9380923765
0.0615483936 0.0000000000 0.0615483936
1.0860699307 0.0000000000 1.0860699307
0.5879840921 0.0000000000 0.5879840921
0.3063421502 0.0000000000 0.3063429094
0.0300798134 0.0000000000 0.0300798134
0.7001904193 0.0000000000 0.7001904193
0.0209167718 0.0000000000 0.0209179440
0.7449368596 0.0000000000 0.7449368596
1.0111235577 0.0000000000 1.0111235577
1.0903758873 0.0000000000 1.0903758873
0.0472497716 0.0000000000 0.0472497716
0.1342915009 0.0000000000 0.1342915009
0.4840966458 0.0000000000 0.4840966458
0.3747804680 0.0000000000 0.3747804680
0.7181119654 0.0000000000 0.7181119654
0.9174651463 0.0000000000 0.9174651463
1.0547591379 0.0000000000 1.0547591379
0.0615491718 0.0000000000 0.0615483936
0.0090485137 0.0000000000 0.0090485137
0.2504814759 0.0000000000 0.2504814759
0.5397948350 0.0000000000 0.5397959481
0.0873767029 0.0000000000 0.0873774791
0.2504814759 0.0000000000 0.2504814759
0.6159820586 0.0000000000 0.6159820586
0.8954926731 0.0000000000 0.8954926731
0.6341677979 0.0000000000 0.6341677979
0.0106136074 0.0000000000 0.0106136074
1.0750141851 0.0000000000 1.0750131272
0.9888896164 0.0000000000 0.9888896164
0.3234979126 0.0000000000 0.3234979126
0.1786872675 0.0000000000 0.1786861139
1.0726433744 0.0000000000 1.0726433744
1.0260152681 0.0000000000 1.0260152681
1.0898972975 0.0000000000 1.0898972975
0.2211218552 0.0000000000 0.2211218552
0.1462277896 0.0000000000 0.1462277896
0.9446659769 0.0000000000 0.9446649060
0.0300798134 0.0000000000 0.0300798134
0.7810925683 0.0000000000 0.7810936558
0.0508470299 0.0000000000 0.0508470299
0.8475788547 0.0000000000 0.8475788547
1.0700977542 0.0000000000 1.0700977542
0.1231443279 0.0000000000 0.1231443279
0.6067439523 0.0000000000 0.6067439523
0.0579967136 0.0000000000 0.0579959351
1.0673789654 0.0000000000 1.0673789654
0.0579959351 0.0000000000 0.0579967136
0.9380923765 0.0000000000 0.9380923765
0.7449368596 0.0000000000 0.7449368596
0.8475788547 0.0000000000 0.8475788547
0.6437730577 0.0000000000 0.6437730577
0.1850977967 0.0000000000 0.1850985652
1.0162580609 0.0000000000 1.0162580609
0.0224487097 0.0000000000 0.0224487097
0.3747804680 0.0000000000 0.3747804680
1.0726433744 0.0000000000 1.0726433744
0.3579082191 0.0000000000 0.3579082191
0.6159820586 0.0000000000 0.6159820586
0.6437730577 0.0000000000 0.6437730577
0.0100992391 0.0000000000 0.0100992391
0.0193756053 0.0000000000 0.0193767776
0.9829090317 0.0000000000 0.9829090317
0.0106136074 0.0000000000 0.0106136074
0.1850977967 0.0000000000 0.1850977967
0.0691498634 0.0000000000 0.0691498634
1.0907583214 0.0000000000 1.0907583214
0.6534479713 0.0000000000 0.6534479713
0.8152066889 0.0000000000 0.8152074115
0.0828505361 0.0000000000 0.0828493713
0.1786861139 0.0000000000 0.1786861139
0.8954926731 0.0000000000 0.8954926731
0.7632675708 0.0000000000 0.7632675708
0.4468623834 0.0000000000 0.4468623834
0.5307091641 0.0000000000 0.5307102781
0.7722444365 0.0000000000 0.7722444365
0.9829090317 0.0000000000 0.9829090317
0.3234979126 0.0000000000 0.3234986706
0.9573582564 0.0000000000 0.9573582564
0.4468623834 0.0000000000 0.4468623834
0.4290922325 0.0000000000 0.4290922325
0.4468612602 0.0000000000 0.4468623834
0.0090485137 0.0000000000 0.0090485137
0.1120921637 0.0000000000 0.1120921637
1.0581751746 0.0000000000 1.0581751746
0.1657821528 0.0000000000 0.1657809978
0.5397948350 0.0000000000 0.5397948350
0.8641310788 0.0000000000 0.8641310788
0.6818227085 0.0000000000 0.6818227085
0.5974112592 0.0000000000 0.5974112592
0.1917868247 0.0000000000 0.1917868247
0.1592893842 0.0000000000 0.1592893842
0.8068724772 0.0000000000 0.8068724772
0.4201057884 0.0000000000 0.4201057884
0.1917868247 0.0000000000 0.1917868247
1.0892267430 0.0000000000 1.0892277996
0.0100992391 0.0000000000 0.0101004126
0.0300805942 0.0000000000 0.0300798134
0.0274858835 0.0000000000 0.0274858835
1.0614167609 0.0000000000 1.0614167609
0.2065211351 0.0000000000 0.2065211351
0.2746859650 0.0000000000 0.2746859650
0.7810925683 0.0000000000 0.7810936558
1.0673779067 0.0000000000 1.0673779067
0.0508470299 0.0000000000 0.0508470299
0.5591420277 0.0000000000 0.5591420277
0.9767599793 0.0000000000 0.9767599793
0.8394258808 0.0000000000 0.8394269623
1.0750131272 0.0000000000 1.0750131272
0.1786872675 0.0000000000 0.1786861139
0.0737352015 0.0000000000 0.0737352015
0.3063429094 0.0000000000 0.3063429094
0.7356205829 0.0000000000 0.7356213110
0.9704457302 0.0000000000 0.9704457302
1.0212221220 0.0000000000 1.0212221220
0.0828493713 0.0000000000 0.0828493713
0.1065990019 0.0000000000 0.1065990019
0.1065990019 0.0000000000 0.1065990019
1.0873138147 0.0000000000 1.0873138147
0.1722479682 0.0000000000 0.1722479682
0.2984970149 0.0000000000 0.2984970149
0.0377950663 0.0000000000 0.0377950663
1.0058183680 0.0000000000 1.0058194328
1.0474101125 0.0000000000 1.0474101125
0.7269220411 0.0000000000 0.7269220411
0.9446659769 0.0000000000 0.9446659769
1.0111235577 0.0000000000 1.0111235577
0.0615483936 0.0000000000 0.0615491718
0.4468612602 0.0000000000 0.4468623834
0.4019318970 0.0000000000 0.4019318970
0.3927459713 0.0000000000 0.3927471005
1.0906628903 0.0000000000 1.0906628903
0.4556438249 0.0000000000 0.4556438249
1.0511713124 0.0000000000 1.0511713124
0.3579082191 0.0000000000 0.3579082191
0.0162667414 0.0000000000 0.0162659596
0.0090485137 0.0000000000 0.0090485137
0.1462277896 0.0000000000 0.1462277896
0.7632675708 0.0000000000 0.7632675708
0.2906046805 0.0000000000 0.2906054410
0.0162659596 0.0000000000 0.0162667414
0.0131197378 0.0000000000 0.0131205199
0.0162667414 0.0000000000 0.0162659596
0.5215433460 0.0000000000 0.5215433460
0.1398364382 0.0000000000 0.1398364382
0.8721885257 0.0000000000 0.8721885257
0.2355815427 0.0000000000 0.2355815427
0.9446659769 0.0000000000 0.9446649060
0.3747804680 0.0000000000 0.3747804680
1.0700977542 0.0000000000 1.0700977542
0.9244909984 0.0000000000 0.9244909984
1.0260152681 0.0000000000 1.0260163309
1.0058183680 0.0000000000 1.0058183680
0.1065990019 0.0000000000 0.1065990019
0.4110516515 0.0000000000 0.4110516515
0.5215433460 0.0000000000 0.5215433460
0.7356205829 0.0000000000 0.7356213110
0.2585927669 0.0000000000 0.2585927669
0.0146970808 0.0000000000 0.0146970808
0.7810925683 0.0000000000 0.7810925683
0.0873774791 0.0000000000 0.0873774791
0.8068724772 0.0000000000 0.8068724772
0.9704457302 0.0000000000 0.9704457302
0.6341677979 0.0000000000 0.6341677979
0.6067439523 0.0000000000 0.6067439523
0.0248803287 0.0000000000 0.0248803287
0.0111189527 0.0000000000 0.0111189527
0.3834952014 0.0000000000 0.3834963316
0.0615483936 0.0000000000 0.0615491718
1.0873138147 0.0000000000 1.0873138147
0.5879840921 0.0000000000 0.5879840921
0.9102896271 0.0000000000 0.9102896271
0.5307091641 0.0000000000 0.5307091641
0.2355815427 0.0000000000 0.2355815427
0.6341677979 0.0000000000 0.6341677979
0.0111177793 0.0000000000 0.0111177793
0.9510878458 0.0000000000 0.9510871323
0.3927459713 0.0000000000 0.3927471005
0.8721885257 0.0000000000 0.8721885257
0.6159820586 0.0000000000 0.6159820586
0.8068724772 0.0000000000 0.8068724772
0.5122956778 0.0000000000 0.5122956778
0.2585935298 0.0000000000 0.2585935298
0.4650508291 0.0000000000 0.4650508291
0.3493879929 0.0000000000 0.3493879929
0.3321827910 0.0000000000 0.3321827910
0.0508470299 0.0000000000 0.0508470299
0.0146970808 0.0000000000 0.0146970808
0.5397959481 0.0000000000 0.5397959481
0.5307091641 0.0000000000 0.5307102781
0.3063429094 0.0000000000 0.3063429094
0.2826680798 0.0000000000 0.2826680798
1.0111235577 0.0000000000 1.0111235577
0.0873774791 0.0000000000 0.0873774791
1.0873138147 0.0000000000 1.0873138147
0.2283698156 0.0000000000 0.2283698156
0.1917868247 0.0000000000 0.1917868247
0.0377950663 0.0000000000 0.0377950663
0.3579082191 0.0000000000 0.3579082191
1.0614167609 0.0000000000 1.0614167609
0.5397959481 0.0000000000 0.5397948350
0.6067446896 0.0000000000 0.6067446896
0.2906046805 0.0000000000 0.2906046805
0.0274866645 0.0000000000 0.0274866645
0.1120921637 0.0000000000 0.1120921637
0.1010810718 0.0000000000 0.1010810718
1.0673789654 0.0000000000 1.0673789654
1.0350886575 0.0000000000 1.0350886575
0.0918856580 0.0000000000 0.0918856580
0.0274858835 0.0000000000 0.0274858835
0.1850977967 0.0000000000 0.1850977967
0.4840973919 0.0000000000 0.4840973919
0.6910619777 0.0000000000 0.6910619777
0.2906046805 0.0000000000 0.2906054410
0.6534479713 0.0000000000 0.6534479713
1.0511713124 0.0000000000 1.0511713124
0.4650508291 0.0000000000 0.4650508291
1.0434750033 0.0000000000 1.0434750033
0.5974112592 0.0000000000 0.5974112592
0.0650855622 0.0000000000 0.0650855622
0.5688486265 0.0000000000 0.5688486265
1.0750131272 0.0000000000 1.0750131272
0.4110516515 0.0000000000 0.4110516515
0.2504814759 0.0000000000 0.2504814759
0.3147611544 0.0000000000 0.3147611544
1.0883666539 0.0000000000 1.0883666539
1.0393686248 0.0000000000 1.0393686248
0.1722479682 0.0000000000 0.1722479682
1.0058183680 0.0000000000 1.0058194328
0.8234108468 0.0000000000 0.8234108468
0.6437730577 0.0000000000 0.6437730577
0.0209167718 0.0000000000 0.0209179440
1.0434750033 0.0000000000 1.0434750033
0.5493432445 0.0000000000 0.5493439858
0.9767606911 0.0000000000 0.9767606911
0.9029655717 0.0000000000 0.9029655717
0.6437730577 0.0000000000 0.6437730577
0.1287279902 0.0000000000 0.1287279902
0.3927471005 0.0000000000 0.3927459713
0.0508470299 0.0000000000 0.0508470299
1.0003443696 0.0000000000 1.0003443696
0.2427586431 0.0000000000 0.2427586431
0.2283698156 0.0000000000 0.2283698156
0.7001904193 0.0000000000 0.7001904193
0.0116156675 0.0000000000 0.0116156675
1.0306387896 0.0000000000 1.0306387896
0.9510878458 0.0000000000 0.9510878458
0.9244909984 0.0000000000 0.9244909984
1.0673779067 0.0000000000 1.0673779067
0.3147611544 0.0000000000 0.3147611544
1.0644847595 0.0000000000 1.0644847595
0.2065211351 0.0000000000 0.2065211351
0.1657821528 0.0000000000 0.1657809978
0.6159820586 0.0000000000 0.6159820586
0.0146970808 0.0000000000 0.0146978628
0.0209179440 0.0000000000 0.0209167718
0.6437730577 0.0000000000 0.6437730577
0.2746867267 0.0000000000 0.2746867267
0.3747804680 0.0000000000 0.3747804680
0.5122956778 0.0000000000 0.5122956778
0.2065211351 0.0000000000 0.2065211351
0.0472497716 0.0000000000 0.0472497716
0.0178259874 0.0000000000 0.0178259874
0.0300805942 0.0000000000 0.0300798134
0.1175613725 0.0000000000 0.1175602118
0.9102896271 0.0000000000 0.9102896271
0.5974119971 0.0000000000 0.5974112592
1.0644847595 0.0000000000 1.0644847595
0.9446659769 0.0000000000 0.9446649060
0.5879840921 0.0000000000 0.5879840921
0.7001904193 0.0000000000 0.7001904193
0.8068724772 0.0000000000 0.8068724772
0.8954915973 0.0000000000 0.8954915973
0.0650855622 0.0000000000 0.0650855622
0.3927459713 0.0000000000 0.3927471005
0.2504814759 0.0000000000 0.2504814759
1.0873138147 0.0000000000 1.0873138147
0.6818227085 0.0000000000 0.6818227085
0.6630145356 0.0000000000 0.6630152689
0.5784636706 0.0000000000 0.5784636706
0.4468612602 0.0000000000 0.4468623834
0.0873774791 0.0000000000 0.0873774791
0.3234986706 0.0000000000 0.3234986706
0.1850977967 0.0000000000 0.1850985652
0.9380923765 0.0000000000 0.9380923765
0.5591420277 0.0000000000 0.5591420277
1.0162580609 0.0000000000 1.0162580609
0.0436391064 0.0000000000 0.0436391064
0.3579082191 0.0000000000 0.3579082191
0.6251228871 0.0000000000 0.6251228871
0.2211218552 0.0000000000 0.2211218552
0.8234108468 0.0000000000 0.8234108468
0.4746130867 0.0000000000 0.4746130867
0.5688486265 0.0000000000 0.5688486265
0.2065211351 0.0000000000 0.2065211351
0.9510878458 0.0000000000 0.9510878458
0.0436391064 0.0000000000 0.0436391064
0.0193756053 0.0000000000 0.0193756053
1.0614167609 0.0000000000 1.0614174671
0.1175613725 0.0000000000 0.1175613725
0.6159820586 0.0000000000 0.6159820586
1.0306387896 0.0000000000 1.0306387896
1.0883666539 0.0000000000 1.0883666539
1.0883666539 0.0000000000 1.0883666539
0.9767599793 0.0000000000 0.9767599793
0.0193756053 0.0000000000 0.0193767776
0.6159820586 0.0000000000 0.6159820586
0.5493432445 0.0000000000 0.5493432445
0.7722444365 0.0000000000 0.7722444365
0.1010810718 0.0000000000 0.1010810718
0.1850977967 0.0000000000 0.1850985652
0.7092064988 0.0000000000 0.7092075938
0.0377950663 0.0000000000 0.0377950663
0.0737352015 0.0000000000 0.0737352015
0.7632675708 0.0000000000 0.7632675708
0.9174651463 0.0000000000 0.9174651463
0.8878706176 0.0000000000 0.8878716942
0.9573582564 0.0000000000 0.9573582564
0.1850977967 0.0000000000 0.1850985652
0.0085113716 0.0000000000 0.0085113716
0.4290914824 0.0000000000 0.4290914824
0.0274866645 0.0000000000 0.0274866645
0.1722479682 0.0000000000 0.1722479682
0.0737352015 0.0000000000 0.0737352015
0.7810925683 0.0000000000 0.7810925683
0.5493432445 0.0000000000 0.5493432445
0.0131197378 0.0000000000 0.0131205199
0.1065990019 0.0000000000 0.1065990019
0.2746867267 0.0000000000 0.2746867267
0.9888896164 0.0000000000 0.9888896164
0.3147611544 0.0000000000 0.3147611544
0.6534479713 0.0000000000 0.6534490722
1.0350886575 0.0000000000 1.0350886575
0.4840973919 0.0000000000 0.4840973919
0.1917868247 0.0000000000 0.1917868247
0.0873774791 0.0000000000 0.0873774791
0.6341677979 0.0000000000 0.6341677979
0.3321827910 0.0000000000 0.3321827910
0.1722479682 0.0000000000 0.1722479682
0.1342915009 0.0000000000 0.1342915009
1.0162580609 0.0000000000 1.0162580609
1.0830087545 0.0000000000 1.0830087545
0.3927459713 0.0000000000 0.3927471005
0.9639634977 0.0000000000 0.9639634977
0.8954926731 0.0000000000 0.8954926731
0.8801030343 0.0000000000 0.8801030343
0.9313667643 0.0000000000 0.9313667643
0.7092075938 0.0000000000 0.7092064988
1.0700977542 0.0000000000 1.0700977542
0.2504814759 0.0000000000 0.2504814759
0.2984970149 0.0000000000 0.2984970149
1.0212231852 0.0000000000 1.0212221220
1.0792304190 0.0000000000 1.0792293615
0.0403433676 0.0000000000 0.0403433676
0.2984970149 0.0000000000 0.2984970149
1.0700977542 0.0000000000 1.0700977542
0.6159809537 0.0000000000 0.6159820586
0.0963735477 0.0000000000 0.0963735477
0.0783024723 0.0000000000 0.0783024723
1.0581751746 0.0000000000 1.0581751746
0.3834963316 0.0000000000 0.3834963316
0.9639634977 0.0000000000 0.9639634977
0.0162659596 0.0000000000 0.0162667414
0.0918856580 0.0000000000 0.0918856580
0.4380100391 0.0000000000 0.4380111633
0.1010810718 0.0000000000 0.1010810718
0.5784636706 0.0000000000 0.5784636706
0.0300805942 0.0000000000 0.0300798134
0.2906046805 0.0000000000 0.2906046805
0.9244909984 0.0000000000 0.9244909984
0.6534479713 0.0000000000 0.6534479713
0.9380923765 0.0000000000 0.9380923765
0.0193756053 0.0000000000 0.0193756053
0.8234108468 0.0000000000 0.8234108468
1.0700977542 0.0000000000 1.0700977542
0.6251228871 0.0000000000 0.6251228871
1.0162580609 0.0000000000 1.0162580609
1.0434750033 0.0000000000 1.0434750033
0.3147611544 0.0000000000 0.3147611544
0.6067446896 0.0000000000 0.6067446896
0.9573582564 0.0000000000 0.9573582564
0.9244909984 0.0000000000 0.9244909984
1.0614167609 0.0000000000 1.0614174671
1.0511713124 0.0000000000 1.0511713124
0.4556438249 0.0000000000 0.4556438249
0.2065211351 0.0000000000 0.2065211351
0.1287279902 0.0000000000 0.1287279902
0.7356205829 0.0000000000 0.7356213110
0.8152066889 0.0000000000 0.8152074115
0.6534479713 0.0000000000 0.6534479713
1.0260152681 0.0000000000 1.0260163309
0.0377950663 0.0000000000 0.0377950663
1.0883666539 0.0000000000 1.0883666539
0.9102896271 0.0000000000 0.9102896271
0.7810925683 0.0000000000 0.7810925683
0.0828505361 0.0000000000 0.0828493713
1.0434750033 0.0000000000 1.0434750033
0.4650508291 0.0000000000 0.4650508291
1.0750131272 0.0000000000 1.0750141851
0.4840973919 0.0000000000 0.4840973919
0.9510878458 0.0000000000 0.9510878458
0.8394269623 0.0000000000 0.8394269623
0.4019318970 0.0000000000 0.4019318970
0.5397948350 0.0000000000 0.5397959481
0.0248803287 0.0000000000 0.0248803287
0.0436391064 0.0000000000 0.0436391064
0.9380923765 0.0000000000 0.9380923765
1.0474090519 0.0000000000 1.0474101125
0.2427586431 0.0000000000 0.2427586431
0.0508470299 0.0000000000 0.0508470299
0.2065219020 0.0000000000 0.2065219020
0.3234979126 0.0000000000 0.3234986706
0.0100992391 0.0000000000 0.0100992391
0.9639634977 0.0000000000 0.9639634977
1.0873138147 0.0000000000 1.0873138147
0.6437730577 0.0000000000 0.6437730577
0.1342915009 0.0000000000 0.1342915009
1.0892277996 0.0000000000 1.0892277996
0.9704457302 0.0000000000 0.9704457302
1.0260152681 0.0000000000 1.0260163309
0.1065990019 0.0000000000 0.1065990019
0.5688486265 0.0000000000 0.5688486265
0.2355815427 0.0000000000 0.2355823073
0.7001904193 0.0000000000 0.7001904193
0.9767606911 0.0000000000 0.9767599793
1.0350886575 0.0000000000 1.0350886575
0.9510878458 0.0000000000 0.9510878458
1.0511713124 0.0000000000 1.0511713124
0.0326644692 0.0000000000 0.0326632985
0.9829090317 0.0000000000 0.9829090317
0.1175613725 0.0000000000 0.1175613725
0.4380100391 0.0000000000 0.4380111633
0.8954926731 0.0000000000 0.8954926731
0.9244909984 0.0000000000 0.9244909984
0.0472497716 0.0000000000 0.0472497716
1.0792304190 0.0000000000 1.0792293615
1.0700977542 0.0000000000 1.0700977542
0.7449368596 0.0000000000 0.7449368596
0.7810925683 0.0000000000 0.7810925683
0.1527719223 0.0000000000 0.1527711513
0.5688486265 0.0000000000 0.5688486265
0.7449368596 0.0000000000 0.7449368596
0.5122956778 0.0000000000 0.5122956778
0.7181119654 0.0000000000 0.7181119654
0.7984075414 0.0000000000 0.7984075414
0.3747804680 0.0000000000 0.3747804680
0.2283698156 0.0000000000 0.2283698156
0.0472497716 0.0000000000 0.0472497716
0.3663729595 0.0000000000 0.3663729595
0.1120921637 0.0000000000 0.1120921637
0.9767599793 0.0000000000 0.9767599793
0.8721885257 0.0000000000 0.8721885257
0.2984970149 0.0000000000 0.2984970149
0.1527711513 0.0000000000 0.1527711513
0.5879840921 0.0000000000 0.5879840921
1.0846349359 0.0000000000 1.0846356406
0.1786861139 0.0000000000 0.1786861139
0.8954926731 0.0000000000 0.8954926731
0.4201057884 0.0000000000 0.4201057884
0.6251228871 0.0000000000 0.6251228871
0.6341677979 0.0000000000 0.6341677979
0.0377950663 0.0000000000 0.0377950663
0.1287279902 0.0000000000 0.1287279902
0.0377950663 0.0000000000 0.0377950663
0.1287279902 0.0000000000 0.1287279902
0.3408125186 0.0000000000 0.3408125186
0.3321827910 0.0000000000 0.3321827910
0.6534479713 0.0000000000 0.6534479713
0.0224494910 0.0000000000 0.0224487097
0.8152074115 0.0000000000 0.8152074115
0.8475788547 0.0000000000 0.8475788547
0.8152066889 0.0000000000 0.8152074115
0.0095778024 0.0000000000 0.0095778024
1.0860699307 0.0000000000 1.0860699307
0.1991701401 0.0000000000 0.1991701401
0.5974112592 0.0000000000 0.5974112592
0.0090485137 0.0000000000 0.0090485137
0.9313667643 0.0000000000 0.9313667643
0.1991709076 0.0000000000 0.1991701401
0.0274858835 0.0000000000 0.0274858835
0.2427586431 0.0000000000 0.2427586431
0.7449368596 0.0000000000 0.7449368596
0.0472497716 0.0000000000 0.0472497716
0.1917868247 0.0000000000 0.1917868247
0.7541645484 0.0000000000 0.7541645484
0.9888896164 0.0000000000 0.9888896164
0.3234986706 0.0000000000 0.3234986706
1.0212231852 0.0000000000 1.0212221220
0.1120921637 0.0000000000 0.1120921637
0.7001904193 0.0000000000 0.7001904193
0.8954915973 0.0000000000 0.8954915973
1.0434750033 0.0000000000 1.0434750033
1.0673779067 0.0000000000 1.0673779067
0.2138387318 0.0000000000 0.2138387318
0.1991709076 0.0000000000 0.1991701401
1.0393686248 0.0000000000 1.0393686248
0.0209167718 0.0000000000 0.0209167718
0.0106136074 0.0000000000 0.0106136074
0.0472497716 0.0000000000 0.0472497716
1.0860699307 0.0000000000 1.0860699307
0.8475788547 0.0000000000 0.8475788547
1.0111235577 0.0000000000 1.0111235577
0.1527699947 0.0000000000 0.1527699947
0.0436391064 0.0000000000 0.0436391064
0.5215433460 0.0000000000 0.5215433460
0.6067446896 0.0000000000 0.6067446896
0.2065211351 0.0000000000 0.2065211351
0.4468612602 0.0000000000 0.4468623834
0.3147611544 0.0000000000 0.3147611544
0.0224487097 0.0000000000 0.0224487097
0.0377950663 0.0000000000 0.0377950663
0.0274858835 0.0000000000 0.0274858835
0.8314848930 0.0000000000 0.8314848930
0.6341677979 0.0000000000 0.6341677979
0.0403433676 0.0000000000 0.0403433676
0.2746867267 0.0000000000 0.2746867267
0.0508470299 0.0000000000 0.0508470299
0.8314848930 0.0000000000 0.8314848930
0.0193756053 0.0000000000 0.0193767776
1.0903758873 0.0000000000 1.0903758873
0.8314848930 0.0000000000 0.8314848930
0.7449368596 0.0000000000 0.7449368596
0.1065990019 0.0000000000 0.1065990019
0.5784636706 0.0000000000 0.5784636706
0.9767606911 0.0000000000 0.9767606911
0.9573582564 0.0000000000 0.9573582564
1.0547598445 0.0000000000 1.0547591379
0.7356213110 0.0000000000 0.7356213110
0.3063429094 0.0000000000 0.3063429094
0.0209179440 0.0000000000 0.0209167718
0.7810925683 0.0000000000 0.7810925683
1.0547598445 0.0000000000 1.0547591379
0.1527719223 0.0000000000 0.1527711513
1.0614167609 0.0000000000 1.0614167609
0.7001904193 0.0000000000 0.7001904193
0.6534479713 0.0000000000 0.6534490722
0.2585927669 0.0000000000 0.2585927669
1.0873138147 0.0000000000 1.0873138147
0.7001904193 0.0000000000 0.7001904193
0.8152074115 0.0000000000 0.8152074115
0.7898148261 0.0000000000 0.7898148261
0.1657821528 0.0000000000 0.1657821528
0.7001904193 0.0000000000 0.7001904193
0.9829090317 0.0000000000 0.9829090317
0.3063421502 0.0000000000 0.3063429094
0.7269220411 0.0000000000 0.7269220411
0.8394269623 0.0000000000 0.8394269623
0.9446659769 0.0000000000 0.9446649060
0.0085113716 0.0000000000 0.0085113716
1.0350886575 0.0000000000 1.0350886575
1.0750131272 0.0000000000 1.0750141851
0.8801030343 0.0000000000 0.8801030343
0.9767606911 0.0000000000 0.9767606911
0.5591420277 0.0000000000 0.5591420277
0.1527711513 0.0000000000 0.1527711513
0.7092075938 0.0000000000 0.7092064988
0.1786861139 0.0000000000 0.1786861139
0.7898148261 0.0000000000 0.7898148261
0.0090492961 0.0000000000 0.0090492961
0.1722479682 0.0000000000 0.1722479682
0.7449368596 0.0000000000 0.7449368596
0.4468612602 0.0000000000 0.4468623834
0.4201057884 0.0000000000 0.4201057884
0.0508470299 0.0000000000 0.0508470299
0.5688486265 0.0000000000 0.5688486265
0.1398364382 0.0000000000 0.1398364382
0.4201057884 0.0000000000 0.4201057884
0.1175613725 0.0000000000 0.1175613725
0.6437730577 0.0000000000 0.6437730577
0.9244909984 0.0000000000 0.9244909984
0.0783024723 0.0000000000 0.0783024723
0.1657821528 0.0000000000 0.1657809978
0.9573582564 0.0000000000 0.9573582564
0.9380923765 0.0000000000 0.9380923765
0.1120921637 0.0000000000 0.1120921637
0.0615491718 0.0000000000 0.0615483936
0.5591420277 0.0000000000 0.5591420277
0.9313667643 0.0000000000 0.9313667643
0.0248803287 0.0000000000 0.0248803287
0.1786861139 0.0000000000 0.1786861139
0.0544289490 0.0000000000 0.0544289490
1.0350886575 0.0000000000 1.0350893654
0.6724737818 0.0000000000 0.6724737818
0.4935617283 0.0000000000 0.4935617283
0.1462277896 0.0000000000 0.1462277896
0.1917868247 0.0000000000 0.1917868247
0.5493432445 0.0000000000 0.5493439858
0.2984970149 0.0000000000 0.2984970149
0.7898148261 0.0000000000 0.7898148261
0.0650855622 0.0000000000 0.0650855622
0.7810925683 0.0000000000 0.7810925683
0.9510878458 0.0000000000 0.9510878458
0.7181119654 0.0000000000 0.7181119654
0.0248803287 0.0000000000 0.0248803287
0.9829090317 0.0000000000 0.9829090317
0.9380923765 0.0000000000 0.9380923765
0.9573582564 0.0000000000 0.9573582564
1.0434750033 0.0000000000 1.0434750033
0.3663729595 0.0000000000 0.3663722047
0.3579082191 0.0000000000 0.3579082191
0.1657821528 0.0000000000 0.1657821528
0.8475788547 0.0000000000 0.8475788547
1.0260152681 0.0000000000 1.0260163309
0.5307091641 0.0000000000 0.5307091641
0.7356213110 0.0000000000 0.7356213110
0.1120921637 0.0000000000 0.1120921637
0.8721874475 0.0000000000 0.8721885257
0.0650855622 0.0000000000 0.0650855622
0.6724737818 0.0000000000 0.6724737818
1.0906628903 0.0000000000 1.0906628903
0.0326644692 0.0000000000 0.0326644692
0.7269220411 0.0000000000 0.7269220411
1.0892267430 0.0000000000 1.0892277996
0.0650855622 0.0000000000 0.0650855622
1.0212221220 0.0000000000 1.0212221220
0.5215433460 0.0000000000 0.5215433460
0.0436391064 0.0000000000 0.0436391064
0.6818227085 0.0000000000 0.6818227085
0.9767606911 0.0000000000 0.9767606911
0.7632675708 0.0000000000 0.7632675708
1.0511713124 0.0000000000 1.0511713124
0.0101004126 0.0000000000 0.0100992391
0.5215433460 0.0000000000 0.5215433460
1.0434750033 0.0000000000 1.0434750033
0.3834963316 0.0000000000 0.3834963316
0.8234108468 0.0000000000 0.8234108468
0.6251228871 0.0000000000 0.6251228871
0.7356213110 0.0000000000 0.7356213110
0.9704457302 0.0000000000 0.9704457302
1.0907583214 0.0000000000 1.0907583214
0.4650508291 0.0000000000 0.4650508291
0.1398364382 0.0000000000 0.1398364382
1.0673779067 0.0000000000 1.0673779067
0.2504814759 0.0000000000 0.2504814759
0.6534479713 0.0000000000 0.6534479713
1.0003443696 0.0000000000 1.0003443696
0.6437730577 0.0000000000 0.6437730577
0.9767606911 0.0000000000 0.9767606911
0.8475788547 0.0000000000 0.8475788547
0.9639634977 0.0000000000 0.9639634977
0.0377950663 0.0000000000 0.0377950663
0.0209179440 0.0000000000 0.0209167718
1.0644847595 0.0000000000 1.0644847595
0.4380100391 0.0000000000 0.4380111633
0.0963735477 0.0000000000 0.0963735477
0.1342915009 0.0000000000 0.1342915009
0.0178259874 0.0000000000 0.0178259874
1.0434750033 0.0000000000 1.0434750033
0.0544289490 0.0000000000 0.0544289490
0.0352355665 0.0000000000 0.0352355665
0.7722444365 0.0000000000 0.7722444365
0.9510878458 0.0000000000 0.9510871323
1.0846356406 0.0000000000 1.0846356406
0.1065990019 0.0000000000 0.1065990019
0.1722479682 0.0000000000 0.1722479682
0.3408125186 0.0000000000 0.3408125186
0.5029689167 0.0000000000 0.5029689167
0.3063421502 0.0000000000 0.3063429094
0.7449368596 0.0000000000 0.7449368596
0.7181119654 0.0000000000 0.7181119654
1.0673789654 0.0000000000 1.0673789654
1.0700977542 0.0000000000 1.0700977542
0.8641310788 0.0000000000 0.8641310788
0.0508470299 0.0000000000 0.0508470299
0.4468623834 0.0000000000 0.4468623834
0.2355815427 0.0000000000 0.2355823073
0.6159820586 0.0000000000 0.6159820586
0.4019318970 0.0000000000 0.4019318970
0.7001904193 0.0000000000 0.7001904193
0.4650508291 0.0000000000 0.4650508291
0.0224494910 0.0000000000 0.0224487097
0.0248803287 0.0000000000 0.0248803287
0.0737352015 0.0000000000 0.0737352015
0.2504814759 0.0000000000 0.2504814759
0.1175613725 0.0000000000 0.1175602118
0.8394269623 0.0000000000 0.8394269623
0.3747804680 0.0000000000 0.3747804680
0.0095778024 0.0000000000 0.0095778024
0.9704457302 0.0000000000 0.9704457302
0.9313667643 0.0000000000 0.9313667643
0.2906046805 0.0000000000 0.2906046805
0.0472497716 0.0000000000 0.0472497716
0.8394269623 0.0000000000 0.8394269623
0.0508470299 0.0000000000 0.0508470299
1.0614167609 0.0000000000 1.0614174671
0.8721885257 0.0000000000 0.8721885257
0.0193767776 0.0000000000 0.0193756053
0.1398364382 0.0000000000 0.1398364382
0.4290914824 0.0000000000 0.4290914824
0.2283698156 0.0000000000 0.2283698156
0.0178259874 0.0000000000 0.0178259874
0.4380100391 0.0000000000 0.4380111633
0.9244909984 0.0000000000 0.9244909984
0.5879840921 0.0000000000 0.5879840921
0.0377950663 0.0000000000 0.0377950663
0.4110516515 0.0000000000 0.4110516515
0.3321808977 0.0000000000 0.3321820336
0.7092075938 0.0000000000 0.7092064988
0.2746867267 0.0000000000 0.2746867267
0.1398364382 0.0000000000 0.1398364382
0.7269220411 0.0000000000 0.7269220411
0.8801030343 0.0000000000 0.8801030343
0.1065990019 0.0000000000 0.1065990019
0.7001904193 0.0000000000 0.7001904193
0.9829090317 0.0000000000 0.9829090317
0.2211218552 0.0000000000 0.2211218552
0.9947013043 0.0000000000 0.9947013043
0.2427586431 0.0000000000 0.2427586431
0.3147611544 0.0000000000 0.3147611544
0.2065211351 0.0000000000 0.2065211351
0.8234108468 0.0000000000 0.8234108468
0.1398364382 0.0000000000 0.1398364382
1.0162580609 0.0000000000 1.0162580609
0.5688486265 0.0000000000 0.5688486265
0.8394269623 0.0000000000 0.8394269623
0.2355815427 0.0000000000 0.2355815427
0.3063429094 0.0000000000 0.3063429094
0.2355815427 0.0000000000 0.2355823073
0.7181119654 0.0000000000 0.7181119654
0.3493879929 0.0000000000 0.3493879929
0.7001904193 0.0000000000 0.7001904193
1.0750141851 0.0000000000 1.0750131272
0.0650855622 0.0000000000 0.0650855622
0.0300805942 0.0000000000 0.0300798134
1.0003443696 0.0000000000 1.0003443696
0.9244909984 0.0000000000 0.9244909984
1.0792293615 0.0000000000 1.0792304190
0.3063429094 0.0000000000 0.3063429094
0.5122956778 0.0000000000 0.5122956778
0.7001904193 0.0000000000 0.7001904193
1.0614167609 0.0000000000 1.0614174671
0.3147611544 0.0000000000 0.3147611544
0.5215433460 0.0000000000 0.5215433460
0.9102896271 0.0000000000 0.9102896271
0.3063429094 0.0000000000 0.3063429094
1.0903758873 0.0000000000 1.0903758873
0.0963735477 0.0000000000 0.0963735477
1.0892277996 0.0000000000 1.0892277996
0.6724737818 0.0000000000 0.6724737818
1.0873138147 0.0000000000 1.0873138147
1.0846356406 0.0000000000 1.0846356406
0.6067446896 0.0000000000 0.6067446896
0.2504814759 0.0000000000 0.2504814759
0.7181119654 0.0000000000 0.7181119654
0.2065219020 0.0000000000 0.2065219020
0.0377950663 0.0000000000 0.0377950663
0.6159820586 0.0000000000 0.6159820586
0.7898148261 0.0000000000 0.7898148261
0.2585935298 0.0000000000 0.2585935298
0.7984086271 0.0000000000 0.7984075414
0.0274858835 0.0000000000 0.0274858835
0.4556438249 0.0000000000 0.4556438249
0.7449368596 0.0000000000 0.7449368596
0.6534479713 0.0000000000 0.6534479713
0.0579967136 0.0000000000 0.0579959351
1.0873138147 0.0000000000 1.0873138147
0.8641310788 0.0000000000 0.8641310788
0.7449368596 0.0000000000 0.7449368596
0.4840966458 0.0000000000 0.4840966458
0.1175613725 0.0000000000 0.1175613725
1.0644847595 0.0000000000 1.0644847595
1.0614167609 0.0000000000 1.0614167609
0.3147611544 0.0000000000 0.3147611544
0.6251228871 0.0000000000 0.6251228871
1.0811930624 0.0000000000 1.0811930624
0.3234986706 0.0000000000 0.3234986706
1.0811930624 0.0000000000 1.0811930624
0.3663722047 0.0000000000 0.3663722047
0.9888889054 0.0000000000 0.9888896164
0.0436391064 0.0000000000 0.0436391064
0.2984970149 0.0000000000 0.2984970149
0.1231451012 0.0000000000 0.1231443279
1.0750131272 0.0000000000 1.0750141851
0.6910619777 0.0000000000 0.6910619777
0.2427586431 0.0000000000 0.2427586431
0.0090492961 0.0000000000 0.0090492961
0.4110516515 0.0000000000 0.4110516515
0.0737352015 0.0000000000 0.0737352015
0.7181119654 0.0000000000 0.7181119654
0.0090485137 0.0000000000 0.0090485137
0.0079659837 0.0000000000 0.0079659837
0.9380923765 0.0000000000 0.9380923765
0.9244909984 0.0000000000 0.9244909984
0.5591420277 0.0000000000 0.5591420277
0.2666616574 0.0000000000 0.2666616574
0.0300805942 0.0000000000 0.0300798134
1.0003443696 0.0000000000 1.0003443696
1.0581751746 0.0000000000 1.0581751746
0.3234986706 0.0000000000 0.3234986706
0.1991709076 0.0000000000 0.1991701401
0.0100992391 0.0000000000 0.0100992391
0.9947013043 0.0000000000 0.9947013043
1.0581751746 0.0000000000 1.0581751746
1.0581751746 0.0000000000 1.0581751746
0.6341677979 0.0000000000 0.6341677979
0.4935617283 0.0000000000 0.4935617283
0.5784636706 0.0000000000 0.5784636706
0.0146978628 0.0000000000 0.0146978628
0.5784636706 0.0000000000 0.5784636706
0.8878716942 0.0000000000 0.8878716942
0.9244909984 0.0000000000 0.9244909984
0.0783013069 0.0000000000 0.0783024723
0.2065211351 0.0000000000 0.2065211351
0.9313667643 0.0000000000 0.9313667643
1.0474101125 0.0000000000 1.0474101125
0.2826680798 0.0000000000 0.2826680798
0.0106136074 0.0000000000 0.0106136074
0.3234986706 0.0000000000 0.3234986706
0.8801030343 0.0000000000 0.8801030343
0.9573582564 0.0000000000 0.9573582564
0.7632675708 0.0000000000 0.7632675708
0.5122956778 0.0000000000 0.5122956778
0.9947013043 0.0000000000 0.9947013043
0.9704457302 0.0000000000 0.9704457302
0.1786872675 0.0000000000 0.1786861139
0.8954915973 0.0000000000 0.8954915973
0.0274858835 0.0000000000 0.0274858835
1.0907583214 0.0000000000 1.0907583214
0.0403433676 0.0000000000 0.0403433676
0.0579959351 0.0000000000 0.0579967136
0.0116168408 0.0000000000 0.0116156675
0.7092075938 0.0000000000 0.7092075938
0.2065211351 0.0000000000 0.2065211351
0.0274866645 0.0000000000 0.0274866645
0.0178259874 0.0000000000 0.0178259874
0.5879840921 0.0000000000 0.5879840921
0.0918856580 0.0000000000 0.0918856580
0.9829090317 0.0000000000 0.9829090317
0.3834952014 0.0000000000 0.3834952014
0.8954926731 0.0000000000 0.8954926731
1.0162580609 0.0000000000 1.0162580609
0.9704457302 0.0000000000 0.9704457302
0.2826680798 0.0000000000 0.2826680798
1.0306387896 0.0000000000 1.0306387896
0.9446659769 0.0000000000 0.9446659769
0.2283698156 0.0000000000 0.2283698156
0.4201050376 0.0000000000 0.4201057884
0.9380923765 0.0000000000 0.9380923765
0.0116168408 0.0000000000 0.0116156675
0.5591420277 0.0000000000 0.5591420277
0.0248803287 0.0000000000 0.0248803287
0.7269220411 0.0000000000 0.7269220411
0.3408125186 0.0000000000 0.3408125186
0.5307091641 0.0000000000 0.5307091641
0.0106124340 0.0000000000 0.0106136074
1.0474101125 0.0000000000 1.0474101125
0.0650855622 0.0000000000 0.0650855622
0.2504814759 0.0000000000 0.2504814759
0.1287279902 0.0000000000 0.1287279902
0.7984075414 0.0000000000 0.7984075414
0.1342915009 0.0000000000 0.1342915009
1.0614167609 0.0000000000 1.0614167609
0.3834952014 0.0000000000 0.3834952014
0.0079659837 0.0000000000 0.0079659837
0.0918856580 0.0000000000 0.0918856580
0.8475788547 0.0000000000 0.8475788547
0.2504814759 0.0000000000 0.2504814759
0.2427586431 0.0000000000 0.2427586431
0.1462277896 0.0000000000 0.1462277896
0.7632675708 0.0000000000 0.7632675708
1.0700977542 0.0000000000 1.0700977542
1.0350886575 0.0000000000 1.0350886575
0.7001904193 0.0000000000 0.7001904193
0.1917868247 0.0000000000 0.1917868247
0.9313667643 0.0000000000 0.9313667643
0.5688486265 0.0000000000 0.5688486265
0.2826680798 0.0000000000 0.2826680798
0.2427586431 0.0000000000 0.2427586431
1.0212221220 0.0000000000 1.0212221220
0.5688486265 0.0000000000 0.5688486265
0.3834963316 0.0000000000 0.3834963316
0.9829090317 0.0000000000 0.9829090317
0.1527719223 0.0000000000 0.1527711513
0.0079659837 0.0000000000 0.0079659837
0.0162659596 0.0000000000 0.0162667414
0.9888889054 0.0000000000 0.9888889054
0.0436391064 0.0000000000 0.0436391064
1.0883666539 0.0000000000 1.0883666539
0.7269220411 0.0000000000 0.7269220411
0.9380923765 0.0000000000 0.9380923765
0.8801030343 0.0000000000 0.8801030343
0.2427586431 0.0000000000 0.2427586431
0.9380923765 0.0000000000 0.9380923765
1.0898972975 0.0000000000 1.0898972975
1.0898980018 0.0000000000 1.0898980018
0.3747804680 0.0000000000 0.3747804680
1.0792304190 0.0000000000 1.0792304190
0.5879840921 0.0000000000 0.5879840921
0.0209179440 0.0000000000 0.0209167718
0.1991701401 0.0000000000 0.1991701401
0.0131197378 0.0000000000 0.0131205199
1.0892277996 0.0000000000 1.0892277996
1.0907583214 0.0000000000 1.0907583214
0.1010810718 0.0000000000 0.1010810718
0.9029655717 0.0000000000 0.9029655717
0.1786861139 0.0000000000 0.1786861139
0.9244909984 0.0000000000 0.9244909984
0.8152074115 0.0000000000 0.8152074115
0.0828505361 0.0000000000 0.0828493713
0.9446659769 0.0000000000 0.9446659769
0.0377950663 0.0000000000 0.0377950663
1.0260152681 0.0000000000 1.0260163309
0.0326632985 0.0000000000 0.0326632985
1.0350886575 0.0000000000 1.0350886575
1.0003443696 0.0000000000 1.0003443696
0.7001904193 0.0000000000 0.7001904193
0.3147611544 0.0000000000 0.3147611544
1.0860699307 0.0000000000 1.0860699307
0.1592893842 0.0000000000 0.1592893842
0.3747804680 0.0000000000 0.3747804680
0.1120921637 0.0000000000 0.1120921637
0.3408117619 0.0000000000 0.3408117619
0.9829090317 0.0000000000 0.9829090317
1.0003443696 0.0000000000 1.0003443696
0.8475788547 0.0000000000 0.8475788547
1.0474101125 0.0000000000 1.0474101125
0.0579967136 0.0000000000 0.0579959351
0.6067439523 0.0000000000 0.6067439523
0.0162667414 0.0000000000 0.0162667414
0.9704457302 0.0000000000 0.9704457302
0.8475788547 0.0000000000 0.8475788547
0.0326644692 0.0000000000 0.0326644692
0.4935617283 0.0000000000 0.4935617283
0.4556438249 0.0000000000 0.4556438249
0.7181119654 0.0000000000 0.7181119654
0.7356213110 0.0000000000 0.7356213110
1.0700977542 0.0000000000 1.0700977542
0.1120921637 0.0000000000 0.1120921637
0.4110516515 0.0000000000 0.4110516515
0.1120921637 0.0000000000 0.1120921637
0.4935617283 0.0000000000 0.4935617283
0.4201057884 0.0000000000 0.4201050376
1.0644847595 0.0000000000 1.0644847595
0.8394269623 0.0000000000 0.8394269623
0.5493432445 0.0000000000 0.5493439858
0.9174651463 0.0000000000 0.9174651463
1.0846349359 0.0000000000 1.0846356406
0.3663729595 0.0000000000 0.3663729595
0.4840973919 0.0000000000 0.4840966458
0.6067446896 0.0000000000 0.6067446896
0.0472497716 0.0000000000 0.0472497716
0.1231451012 0.0000000000 0.1231451012
0.3321827910 0.0000000000 0.3321827910
0.0579959351 0.0000000000 0.0579967136
0.4290914824 0.0000000000 0.4290914824
0.4650508291 0.0000000000 0.4650508291
0.8394269623 0.0000000000 0.8394269623
0.9380923765 0.0000000000 0.9380923765
1.0873138147 0.0000000000 1.0873138147
0.0472497716 0.0000000000 0.0472497716
0.3063440483 0.0000000000 0.3063429094
1.0058183680 0.0000000000 1.0058183680
0.0691498634 0.0000000000 0.0691498634
0.0300798134 0.0000000000 0.0300798134
0.9767606911 0.0000000000 0.9767599793
0.0178259874 0.0000000000 0.0178259874
0.3147611544 0.0000000000 0.3147611544
0.1527699947 0.0000000000 0.1527699947
1.0111235577 0.0000000000 1.0111235577
1.0830098116 0.0000000000 1.0830098116
0.1065990019 0.0000000000 0.1065990019
1.0212221220 0.0000000000 1.0212221220
1.0260152681 0.0000000000 1.0260163309
0.9313667643 0.0000000000 0.9313667643
0.6630152689 0.0000000000 0.6630152689
0.1010799091 0.0000000000 0.1010810718
0.1850977967 0.0000000000 0.1850977967
0.4556438249 0.0000000000 0.4556438249
0.0326644692 0.0000000000 0.0326632985
0.2427586431 0.0000000000 0.2427586431
0.0162659596 0.0000000000 0.0162667414
0.0100992391 0.0000000000 0.0100992391
0.9380923765 0.0000000000 0.9380923765
1.0162580609 0.0000000000 1.0162580609
0.9102896271 0.0000000000 0.9102896271
0.9380923765 0.0000000000 0.9380923765
0.4650508291 0.0000000000 0.4650508291
1.0830098116 0.0000000000 1.0830098116
1.0772085383 0.0000000000 1.0772095961
0.3493872369 0.0000000000 0.3493872369
0.6341677979 0.0000000000 0.6341677979
0.9639634977 0.0000000000 0.9639634977
0.8314848930 0.0000000000 0.8314848930
0.9102896271 0.0000000000 0.9102896271
0.9380923765 0.0000000000 0.9380923765
1.0306387896 0.0000000000 1.0306387896
0.3927459713 0.0000000000 0.3927471005
0.5879840921 0.0000000000 0.5879840921
0.1120921637 0.0000000000 0.1120921637
0.2138387318 0.0000000000 0.2138387318
0.0193767776 0.0000000000 0.0193756053
0.2211218552 0.0000000000 0.2211218552
1.0898972975 0.0000000000 1.0898972975
0.6341677979 0.0000000000 0.6341677979
0.4380100391 0.0000000000 0.4380111633
0.8152066889 0.0000000000 0.8152074115
0.0090485137 0.0000000000 0.0090485137
0.8641310788 0.0000000000 0.8641310788
0.6724737818 0.0000000000 0.6724737818
0.1120921637 0.0000000000 0.1120921637
0.4290914824 0.0000000000 0.4290914824
0.9829090317 0.0000000000 0.9829090317
0.4290914824 0.0000000000 0.4290914824
1.0581751746 0.0000000000 1.0581751746
0.0146970808 0.0000000000 0.0146970808
0.2984970149 0.0000000000 0.2984970149
0.4290922325 0.0000000000 0.4290922325
0.6437730577 0.0000000000 0.6437730577
0.7541645484 0.0000000000 0.7541645484
0.6437730577 0.0000000000 0.6437730577
0.0300805942 0.0000000000 0.0300798134
0.5591420277 0.0000000000 0.5591420277
0.1527699947 0.0000000000 0.1527699947
1.0058183680 0.0000000000 1.0058194328
1.0614167609 0.0000000000 1.0614167609
0.3493872369 0.0000000000 0.3493872369
1.0673779067 0.0000000000 1.0673779067
1.0306387896 0.0000000000 1.0306387896
1.0434750033 0.0000000000 1.0434750033
0.0472497716 0.0000000000 0.0472497716
0.2065219020 0.0000000000 0.2065219020
0.3063429094 0.0000000000 0.3063429094
0.3927459713 0.0000000000 0.3927471005
0.1850977967 0.0000000000 0.1850977967
0.0106136074 0.0000000000 0.0106136074
0.3408117619 0.0000000000 0.3408117619
0.0131197378 0.0000000000 0.0131197378
0.3747804680 0.0000000000 0.3747804680
0.5215426027 0.0000000000 0.5215426027
0.7181119654 0.0000000000 0.7181119654
0.7541645484 0.0000000000 0.7541645484
0.1657821528 0.0000000000 0.1657809978
0.8394269623 0.0000000000 0.8394269623
0.5215426027 0.0000000000 0.5215426027
0.7984075414 0.0000000000 0.7984075414
0.5784636706 0.0000000000 0.5784636706
0.1065990019 0.0000000000 0.1065990019
0.5493432445 0.0000000000 0.5493432445
0.3834963316 0.0000000000 0.3834963316
0.2283698156 0.0000000000 0.2283698156
1.0830087545 0.0000000000 1.0830087545
0.5591420277 0.0000000000 0.5591420277
1.0260152681 0.0000000000 1.0260163309
0.2427586431 0.0000000000 0.2427586431
1.0892277996 0.0000000000 1.0892277996
0.9829090317 0.0000000000 0.9829090317
0.7269220411 0.0000000000 0.7269220411
1.0306387896 0.0000000000 1.0306387896
0.0691498634 0.0000000000 0.0691498634
0.3579082191 0.0000000000 0.3579074637
1.0700977542 0.0000000000 1.0700977542
1.0750131272 0.0000000000 1.0750141851
0.0436391064 0.0000000000 0.0436391064
0.8954926731 0.0000000000 0.8954915973
1.0260152681 0.0000000000 1.0260152681
0.0193756053 0.0000000000 0.0193756053
0.9029655717 0.0000000000 0.9029655717
0.0472497716 0.0000000000 0.0472497716
0.8068724772 0.0000000000 0.8068724772
1.0892277996 0.0000000000 1.0892267430
0.0116156675 0.0000000000 0.0116168408
0.7541645484 0.0000000000 0.7541656387
0.0146970808 0.0000000000 0.0146970808
1.0873138147 0.0000000000 1.0873138147
0.7984075414 0.0000000000 0.7984075414
0.2984970149 0.0000000000 0.2984970149
0.4935617283 0.0000000000 0.4935617283
1.0393686248 0.0000000000 1.0393686248
0.9244909984 0.0000000000 0.9244909984
0.3834963316 0.0000000000 0.3834963316
0.0828505361 0.0000000000 0.0828493713
0.1527719223 0.0000000000 0.1527711513
1.0306387896 0.0000000000 1.0306387896
0.1342915009 0.0000000000 0.1342915009
0.7356213110 0.0000000000 0.7356213110
0.1657821528 0.0000000000 0.1657821528
0.0377950663 0.0000000000 0.0377950663
0.4650508291 0.0000000000 0.4650508291
0.7722444365 0.0000000000 0.7722433481
0.1462277896 0.0000000000 0.1462277896
0.0116156675 0.0000000000 0.0116156675
0.4201057884 0.0000000000 0.4201057884
0.8475788547 0.0000000000 0.8475788547
0.0783013069 0.0000000000 0.0783024723
0.0615483936 0.0000000000 0.0615483936
0.4201057884 0.0000000000 0.4201057884
0.4556438249 0.0000000000 0.4556438249
0.0209179440 0.0000000000 0.0209167718
0.3663729595 0.0000000000 0.3663729595
0.0873774791 0.0000000000 0.0873774791
0.5974112592 0.0000000000 0.5974112592
1.0474101125 0.0000000000 1.0474101125
0.7001904193 0.0000000000 0.7001904193
0.0579959351 0.0000000000 0.0579967136
0.1065990019 0.0000000000 0.1065990019
0.9102896271 0.0000000000 0.9102896271
0.3834963316 0.0000000000 0.3834963316
0.8068724772 0.0000000000 0.8068724772
0.6910619777 0.0000000000 0.6910619777
0.0162659596 0.0000000000 0.0162667414
0.5122956778 0.0000000000 0.5122956778
1.0673779067 0.0000000000 1.0673779067
1.0873138147 0.0000000000 1.0873138147
0.1592893842 0.0000000000 0.1592893842
0.6341677979 0.0000000000 0.6341677979
0.0100992391 0.0000000000 0.0100992391
0.5029689167 0.0000000000 0.5029689167
0.5591420277 0.0000000000 0.5591420277
0.9174651463 0.0000000000 0.9174651463
0.9767606911 0.0000000000 0.9767599793
0.4380111633 0.0000000000 0.4380111633
1.0898972975 0.0000000000 1.0898972975
0.9244909984 0.0000000000 0.9244909984
1.0903758873 0.0000000000 1.0903758873
0.8954915973 0.0000000000 0.8954915973
0.0508470299 0.0000000000 0.0508470299
0.0579967136 0.0000000000 0.0579967136
0.2666616574 0.0000000000 0.2666616574
0.1398364382 0.0000000000 0.1398364382
0.1786861139 0.0000000000 0.1786861139
1.0750131272 0.0000000000 1.0750131272
0.2906046805 0.0000000000 0.2906054410
0.6910619777 0.0000000000 0.6910619777
1.0162580609 0.0000000000 1.0162580609
0.0615483936 0.0000000000 0.0615491718
0.5591420277 0.0000000000 0.5591420277
0.7092075938 0.0000000000 0.7092075938
0.0508470299 0.0000000000 0.0508470299
0.8954926731 0.0000000000 0.8954915973
0.7269220411 0.0000000000 0.7269220411
0.2906046805 0.0000000000 0.2906054410
0.6159820586 0.0000000000 0.6159820586
0.8641310788 0.0000000000 0.8641310788
0.2138387318 0.0000000000 0.2138375823
0.2746859650 0.0000000000 0.2746859650
0.1462277896 0.0000000000 0.1462277896
0.2065211351 0.0000000000 0.2065211351
1.0434750033 0.0000000000 1.0434750033
1.0906628903 0.0000000000 1.0906628903
0.9639634977 0.0000000000 0.9639634977
1.0614167609 0.0000000000 1.0614174671
0.1010810718 0.0000000000 0.1010810718
0.0963735477 0.0000000000 0.0963735477
0.2211207066 0.0000000000 0.2211218552
0.7449368596 0.0000000000 0.7449368596
0.1850977967 0.0000000000 0.1850977967
0.1010810718 0.0000000000 0.1010810718
0.1287279902 0.0000000000 0.1287279902
0.2666616574 0.0000000000 0.2666616574
0.0650855622 0.0000000000 0.0650855622
0.8559274881 0.0000000000 0.8559274881
0.0131197378 0.0000000000 0.0131197378
0.7356213110 0.0000000000 0.7356213110
1.0003443696 0.0000000000 1.0003443696
0.1175613725 0.0000000000 0.1175613725
0.1991701401 0.0000000000 0.1991701401
0.1287279902 0.0000000000 0.1287279902
0.6067446896 0.0000000000 0.6067446896
1.0644847595 0.0000000000 1.0644847595
1.0673779067 0.0000000000 1.0673779067
0.0691498634 0.0000000000 0.0691498634
1.0830098116 0.0000000000 1.0830098116
0.1592893842 0.0000000000 0.1592893842
0.6437730577 0.0000000000 0.6437730577
0.2666616574 0.0000000000 0.2666616574
0.4556438249 0.0000000000 0.4556438249
1.0581751746 0.0000000000 1.0581751746
0.8475788547 0.0000000000 0.8475788547
1.0058183680 0.0000000000 1.0058194328
1.0830098116 0.0000000000 1.0830087545
0.6724737818 0.0000000000 0.6724737818
0.5122956778 0.0000000000 0.5122956778
0.6818227085 0.0000000000 0.6818227085
0.9244909984 0.0000000000 0.9244909984
1.0511713124 0.0000000000 1.0511713124
0.4468612602 0.0000000000 0.4468623834
0.7181119654 0.0000000000 0.7181119654
0.5879840921 0.0000000000 0.5879840921
0.4840973919 0.0000000000 0.4840973919
0.9510878458 0.0000000000 0.9510878458
0.5974112592 0.0000000000 0.5974112592
0.2065211351 0.0000000000 0.2065211351
0.0650855622 0.0000000000 0.0650855622
0.1175613725 0.0000000000 0.1175602118
0.1850977967 0.0000000000 0.1850985652
0.8475788547 0.0000000000 0.8475788547
1.0511713124 0.0000000000 1.0511713124
0.3147611544 0.0000000000 0.3147611544
0.4935617283 0.0000000000 0.4935617283
1.0260152681 0.0000000000 1.0260163309
0.0352355665 0.0000000000 0.0352355665
0.7541645484 0.0000000000 0.7541656387
1.0393686248 0.0000000000 1.0393686248
0.0178259874 0.0000000000 0.0178259874
0.5493432445 0.0000000000 0.5493432445
1.0726433744 0.0000000000 1.0726433744
0.0116156675 0.0000000000 0.0116168408
1.0306387896 0.0000000000 1.0306387896
0.7092064988 0.0000000000 0.7092075938
1.0434750033 0.0000000000 1.0434750033
0.0193767776 0.0000000000 0.0193756053
0.3234979126 0.0000000000 0.3234986706
0.0737352015 0.0000000000 0.0737352015
0.5591420277 0.0000000000 0.5591420277
0.0274858835 0.0000000000 0.0274858835
0.0100992391 0.0000000000 0.0100992391
0.0615483936 0.0000000000 0.0615491718
0.0472497716 0.0000000000 0.0472497716
0.5122956778 0.0000000000 0.5122956778
0.6630152689 0.0000000000 0.6630152689
0.9573582564 0.0000000000 0.9573582564
0.8801030343 0.0000000000 0.8801030343
0.7001904193 0.0000000000 0.7001904193
0.6534479713 0.0000000000 0.6534479713
0.6910619777 0.0000000000 0.6910619777
0.5122956778 0.0000000000 0.5122956778
1.0860699307 0.0000000000 1.0860699307
0.9573582564 0.0000000000 0.9573582564
0.8234108468 0.0000000000 0.8234108468
0.1398364382 0.0000000000 0.1398364382
0.8314848930 0.0000000000 0.8314848930
0.1592893842 0.0000000000 0.1592893842
0.6341677979 0.0000000000 0.6341677979
0.4650508291 0.0000000000 0.4650508291
0.0737352015 0.0000000000 0.0737352015
1.0260152681 0.0000000000 1.0260163309
0.2746867267 0.0000000000 0.2746867267
0.3321808977 0.0000000000 0.3321820336
0.3408125186 0.0000000000 0.3408125186
0.6067439523 0.0000000000 0.6067439523
0.7092075938 0.0000000000 0.7092075938
0.0472497716 0.0000000000 0.0472497716
0.8641310788 0.0000000000 0.8641310788
0.0162667414 0.0000000000 0.0162667414
0.0544289490 0.0000000000 0.0544289490
1.0883666539 0.0000000000 1.0883666539
1.0393686248 0.0000000000 1.0393686248
0.9704457302 0.0000000000 0.9704457302
0.0579959351 0.0000000000 0.0579967136
0.4840966458 0.0000000000 0.4840966458
0.7181119654 0.0000000000 0.7181119654
1.0846356406 0.0000000000 1.0846356406
0.4468623834 0.0000000000 0.4468623834
0.2427586431 0.0000000000 0.2427586431
0.6724737818 0.0000000000 0.6724737818
0.6818227085 0.0000000000 0.6818227085
0.2746867267 0.0000000000 0.2746867267
0.9704457302 0.0000000000 0.9704457302
0.5029689167 0.0000000000 0.5029689167
1.0772095961 0.0000000000 1.0772095961
1.0892277996 0.0000000000 1.0892267430
0.0963735477 0.0000000000 0.0963735477
0.0193767776 0.0000000000 0.0193756053
0.1657821528 0.0000000000 0.1657821528
0.0095778024 0.0000000000 0.0095778024
0.0472497716 0.0000000000 0.0472497716
0.2211218552 0.0000000000 0.2211218552
0.9947013043 0.0000000000 0.9947013043
0.6534479713 0.0000000000 0.6534490722
0.1991701401 0.0000000000 0.1991701401
0.0146970808 0.0000000000 0.0146970808
0.0224487097 0.0000000000 0.0224487097
0.5493432445 0.0000000000 0.5493439858
0.1120921637 0.0000000000 0.1120921637
0.1722479682 0.0000000000 0.1722479682
0.8475788547 0.0000000000 0.8475788547
0.1010810718 0.0000000000 0.1010810718
1.0581751746 0.0000000000 1.0581751746
0.4468612602 0.0000000000 0.4468623834
1.0860699307 0.0000000000 1.0860699307
0.6437730577 0.0000000000 0.6437730577
0.9829090317 0.0000000000 0.9829090317
0.1175613725 0.0000000000 0.1175613725
0.0085113716 0.0000000000 0.0085113716
0.4650508291 0.0000000000 0.4650508291
0.6724737818 0.0000000000 0.6724737818
0.7722444365 0.0000000000 0.7722433481
1.0673789654 0.0000000000 1.0673789654
0.1398364382 0.0000000000 0.1398364382
0.8559274881 0.0000000000 0.8559274881
0.6910619777 0.0000000000 0.6910619777
0.1342915009 0.0000000000 0.1342915009
1.0907583214 0.0000000000 1.0907583214
0.5029689167 0.0000000000 0.5029689167
0.5879840921 0.0000000000 0.5879840921
0.9829090317 0.0000000000 0.9829090317
0.8721885257 0.0000000000 0.8721885257
1.0058183680 0.0000000000 1.0058183680
0.2504814759 0.0000000000 0.2504814759
1.0873138147 0.0000000000 1.0873138147
0.1010810718 0.0000000000 0.1010810718
0.7898148261 0.0000000000 0.7898148261
1.0306387896 0.0000000000 1.0306387896
0.2585935298 0.0000000000 0.2585935298
0.0326644692 0.0000000000 0.0326632985
0.9380923765 0.0000000000 0.9380923765
0.4840973919 0.0000000000 0.4840973919
0.5879840921 0.0000000000 0.5879840921
0.0352355665 0.0000000000 0.0352355665
0.4201050376 0.0000000000 0.4201057884
0.0248803287 0.0000000000 0.0248803287
0.2138387318 0.0000000000 0.2138387318
0.0131197378 0.0000000000 0.0131197378
1.0058183680 0.0000000000 1.0058194328
0.2283698156 0.0000000000 0.2283698156
0.0615483936 0.0000000000 0.0615483936
0.0274858835 0.0000000000 0.0274858835
0.9029655717 0.0000000000 0.9029655717
1.0260152681 0.0000000000 1.0260163309
1.0907583214 0.0000000000 1.0907583214
0.7092064988 0.0000000000 0.7092075938
0.0274858835 0.0000000000 0.0274858835
0.8068724772 0.0000000000 0.8068724772
0.5784636706 0.0000000000 0.5784636706
0.0544289490 0.0000000000 0.0544289490
0.6910619777 0.0000000000 0.6910619777
1.0883666539 0.0000000000 1.0883666539
0.5122956778 0.0000000000 0.5122956778
1.0058183680 0.0000000000 1.0058194328
0.0209167718 0.0000000000 0.0209167718
0.4468612602 0.0000000000 0.4468623834
0.0615483936 0.0000000000 0.0615491718
0.0579967136 0.0000000000 0.0579967136
0.1462277896 0.0000000000 0.1462277896
0.0224487097 0.0000000000 0.0224487097
1.0673779067 0.0000000000 1.0673779067
0.0403433676 0.0000000000 0.0403433676
0.6341677979 0.0000000000 0.6341677979
0.9244909984 0.0000000000 0.9244909984
1.0830098116 0.0000000000 1.0830098116
0.0352355665 0.0000000000 0.0352355665
0.9704457302 0.0000000000 0.9704446619
1.0907583214 0.0000000000 1.0907583214
1.0260152681 0.0000000000 1.0260152681
1.0581751746 0.0000000000 1.0581751746
0.0106124340 0.0000000000 0.0106136074
0.6251228871 0.0000000000 0.6251228871
0.1722479682 0.0000000000 0.1722479682
0.2984970149 0.0000000000 0.2984970149
0.3493872369 0.0000000000 0.3493872369
0.6910619777 0.0000000000 0.6910619777
0.9888889054 0.0000000000 0.9888896164
0.8954926731 0.0000000000 0.8954926731
1.0892277996 0.0000000000 1.0892277996
0.0300798134 0.0000000000 0.0300798134
0.5307102781 0.0000000000 0.5307091641
0.2427586431 0.0000000000 0.2427586431
0.7898148261 0.0000000000 0.7898148261
1.0644847595 0.0000000000 1.0644847595
0.0116168408 0.0000000000 0.0116168408
0.0737352015 0.0000000000 0.0737352015
0.0783013069 0.0000000000 0.0783024723
0.5784636706 0.0000000000 0.5784636706
0.9888896164 0.0000000000 0.9888889054
0.2826680798 0.0000000000 0.2826680798
1.0700977542 0.0000000000 1.0700977542
0.7541645484 0.0000000000 0.7541656387
1.0306387896 0.0000000000 1.0306387896
0.6818227085 0.0000000000 0.6818227085
0.1342915009 0.0000000000 0.1342915009
0.0828505361 0.0000000000 0.0828493713
1.0907583214 0.0000000000 1.0907583214
0.1527711513 0.0000000000 0.1527711513
0.0918856580 0.0000000000 0.0918856580
0.3493879929 0.0000000000 0.3493879929
0.9510878458 0.0000000000 0.9510878458
0.1657821528 0.0000000000 0.1657821528
0.4935617283 0.0000000000 0.4935617283
0.8721885257 0.0000000000 0.8721885257
0.1592893842 0.0000000000 0.1592893842
1.0547591379 0.0000000000 1.0547598445
1.0260152681 0.0000000000 1.0260152681
0.3234986706 0.0000000000 0.3234986706
0.6341677979 0.0000000000 0.6341677979
0.0274866645 0.0000000000 0.0274866645
0.5974112592 0.0000000000 0.5974119971
0.3408125186 0.0000000000 0.3408125186
0.3234979126 0.0000000000 0.3234986706
1.0058183680 0.0000000000 1.0058183680
1.0892277996 0.0000000000 1.0892277996
0.1917868247 0.0000000000 0.1917868247
0.7356205829 0.0000000000 0.7356213110
0.1398364382 0.0000000000 0.1398364382
0.8394269623 0.0000000000 0.8394269623
0.8559274881 0.0000000000 0.8559274881
0.1917868247 0.0000000000 0.1917868247
0.0737352015 0.0000000000 0.0737352015
0.9102896271 0.0000000000 0.9102896271
0.9947013043 0.0000000000 0.9947013043
0.9639634977 0.0000000000 0.9639634977
0.9244909984 0.0000000000 0.9244909984
0.9380923765 0.0000000000 0.9380923765
1.0673779067 0.0000000000 1.0673779067
1.0673779067 0.0000000000 1.0673779067
0.0100992391 0.0000000000 0.0100992391
0.0131197378 0.0000000000 0.0131197378
0.8152066889 0.0000000000 0.8152074115
0.4110516515 0.0000000000 0.4110516515
0.0079659837 0.0000000000 0.0079659837
0.0090485137 0.0000000000 0.0090485137
0.8878706176 0.0000000000 0.8878716942
0.9029655717 0.0000000000 0.9029655717
0.8314848930 0.0000000000 0.8314848930
0.0579959351 0.0000000000 0.0579967136
0.9446659769 0.0000000000 0.9446659769
0.0274858835 0.0000000000 0.0274858835
0.8068724772 0.0000000000 0.8068724772
1.0830087545 0.0000000000 1.0830098116
0.0090492961 0.0000000000 0.0090492961
0.1120921637 0.0000000000 0.1120921637
0.5879840921 0.0000000000 0.5879840921
0.8641310788 0.0000000000 0.8641310788
1.0581751746 0.0000000000 1.0581751746
0.5974112592 0.0000000000 0.5974112592
0.9029655717 0.0000000000 0.9029655717
0.1120921637 0.0000000000 0.1120921637
0.0544289490 0.0000000000 0.0544289490
0.0352355665 0.0000000000 0.0352355665
0.0100992391 0.0000000000 0.0101004126
1.0792304190 0.0000000000 1.0792304190
1.0892267430 0.0000000000 1.0892277996
0.5029689167 0.0000000000 0.5029689167
0.9947013043 0.0000000000 0.9947013043
0.9102896271 0.0000000000 0.9102896271
0.0326632985 0.0000000000 0.0326644692
1.0860699307 0.0000000000 1.0860699307
0.7356213110 0.0000000000 0.7356213110
0.8641310788 0.0000000000 0.8641310788
1.0673789654 0.0000000000 1.0673789654
0.0116168408 0.0000000000 0.0116156675
0.6437730577 0.0000000000 0.6437730577
0.4201057884 0.0000000000 0.4201050376
0.5688486265 0.0000000000 0.5688486265
0.3234986706 0.0000000000 0.3234986706
0.8152066889 0.0000000000 0.8152074115
0.5591420277 0.0000000000 0.5591420277
0.3493891269 0.0000000000 0.3493879929
0.0079659837 0.0000000000 0.0079659837
0.0085113716 0.0000000000 0.0085113716
0.7001904193 0.0000000000 0.7001904193
0.4935617283 0.0000000000 0.4935617283
0.2666616574 0.0000000000 0.2666616574
0.0146970808 0.0000000000 0.0146978628
0.5122956778 0.0000000000 0.5122956778
0.0224487097 0.0000000000 0.0224487097
0.1722479682 0.0000000000 0.1722479682
1.0162580609 0.0000000000 1.0162580609
0.2666616574 0.0000000000 0.2666616574
1.0547598445 0.0000000000 1.0547591379
0.1010799091 0.0000000000 0.1010810718
1.0212221220 0.0000000000 1.0212221220
0.5397959481 0.0000000000 0.5397959481
1.0673779067 0.0000000000 1.0673779067
0.0131197378 0.0000000000 0.0131197378
0.7722444365 0.0000000000 0.7722444365
0.9573582564 0.0000000000 0.9573582564
0.8954915973 0.0000000000 0.8954915973
0.0508470299 0.0000000000 0.0508470299
0.9639634977 0.0000000000 0.9639634977
0.3321820336 0.0000000000 0.3321820336
0.0873774791 0.0000000000 0.0873774791
0.2065211351 0.0000000000 0.2065211351
0.2504814759 0.0000000000 0.2504814759
0.3063429094 0.0000000000 0.3063429094
0.9639634977 0.0000000000 0.9639634977
1.0434750033 0.0000000000 1.0434750033
1.0111235577 0.0000000000 1.0111235577
0.9888896164 0.0000000000 0.9888896164
0.1175613725 0.0000000000 0.1175602118
0.3663729595 0.0000000000 0.3663722047
0.3147611544 0.0000000000 0.3147611544
0.0544289490 0.0000000000 0.0544289490
0.9244909984 0.0000000000 0.9244909984
0.8878716942 0.0000000000 0.8878716942
0.0162667414 0.0000000000 0.0162667414
0.7632675708 0.0000000000 0.7632675708
0.8801030343 0.0000000000 0.8801030343
0.9947013043 0.0000000000 0.9947013043
0.1342915009 0.0000000000 0.1342915009
1.0903758873 0.0000000000 1.0903758873
0.1592893842 0.0000000000 0.1592893842
0.9767599793 0.0000000000 0.9767599793
0.0090485137 0.0000000000 0.0090485137
0.5493432445 0.0000000000 0.5493432445
0.0111189527 0.0000000000 0.0111189527
0.0352355665 0.0000000000 0.0352355665
1.0111235577 0.0000000000 1.0111235577
0.4380111633 0.0000000000 0.4380100391
0.0472497716 0.0000000000 0.0472497716
1.0673779067 0.0000000000 1.0673779067
1.0614167609 0.0000000000 1.0614174671
0.8559274881 0.0000000000 0.8559274881
0.0783013069 0.0000000000 0.0783024723
0.0095778024 0.0000000000 0.0095778024
1.0350886575 0.0000000000 1.0350893654
0.3747804680 0.0000000000 0.3747804680
0.1287279902 0.0000000000 0.1287279902
0.1342915009 0.0000000000 0.1342915009
0.8234108468 0.0000000000 0.8234108468
1.0511713124 0.0000000000 1.0511713124
0.2427586431 0.0000000000 0.2427586431
1.0846356406 0.0000000000 1.0846356406
0.8314848930 0.0000000000 0.8314848930
1.0792293615 0.0000000000 1.0792304190
0.2666616574 0.0000000000 0.2666616574
0.9029655717 0.0000000000 0.9029655717
0.8878716942 0.0000000000 0.8878716942
0.7984075414 0.0000000000 0.7984075414
0.7181119654 0.0000000000 0.7181119654
0.8475788547 0.0000000000 0.8475788547
0.1231451012 0.0000000000 0.1231443279
0.0650855622 0.0000000000 0.0650855622
0.9380923765 0.0000000000 0.9380923765
0.9244909984 0.0000000000 0.9244909984
0.9510878458 0.0000000000 0.9510878458
0.1462277896 0.0000000000 0.1462277896
0.0224487097 0.0000000000 0.0224487097
1.0772095961 0.0000000000 1.0772085383
0.0403433676 0.0000000000 0.0403433676
0.0579959351 0.0000000000 0.0579967136
0.1175613725 0.0000000000 0.1175613725
0.0116156675 0.0000000000 0.0116156675
0.7541645484 0.0000000000 0.7541645484
0.7181119654 0.0000000000 0.7181119654
1.0003443696 0.0000000000 1.0003443696
0.2984970149 0.0000000000 0.2984970149
1.0212221220 0.0000000000 1.0212221220
0.2984970149 0.0000000000 0.2984970149
0.9380923765 0.0000000000 0.9380923765
1.0772085383 0.0000000000 1.0772095961
0.0224494910 0.0000000000 0.0224487097
0.2211218552 0.0000000000 0.2211218552
0.1722479682 0.0000000000 0.1722479682
0.0085113716 0.0000000000 0.0085113716
0.0691498634 0.0000000000 0.0691498634
0.0650855622 0.0000000000 0.0650855622
1.0162580609 0.0000000000 1.0162580609
0.8878716942 0.0000000000 0.8878716942
1.0644847595 0.0000000000 1.0644847595
0.9446659769 0.0000000000 0.9446659769
0.9446659769 0.0000000000 0.9446649060
0.0737352015 0.0000000000 0.0737352015
0.2427586431 0.0000000000 0.2427586431
0.0377950663 0.0000000000 0.0377950663
0.8475788547 0.0000000000 0.8475788547
0.6251228871 0.0000000000 0.6251228871
0.2504814759 0.0000000000 0.2504814759
0.1287279902 0.0000000000 0.1287279902
0.5307091641 0.0000000000 0.5307091641
0.6630152689 0.0000000000 0.6630152689
0.0436391064 0.0000000000 0.0436391064
0.5784636706 0.0000000000 0.5784636706
1.0673789654 0.0000000000 1.0673789654
0.8068724772 0.0000000000 0.8068724772
0.8068724772 0.0000000000 0.8068724772
0.3927459713 0.0000000000 0.3927471005
0.6724737818 0.0000000000 0.6724737818
0.1175613725 0.0000000000 0.1175613725
0.0650855622 0.0000000000 0.0650855622
0.0100992391 0.0000000000 0.0101004126
0.0111177793 0.0000000000 0.0111189527
1.0811930624 0.0000000000 1.0811930624
0.0162667414 0.0000000000 0.0162659596
0.9510878458 0.0000000000 0.9510878458
0.7632675708 0.0000000000 0.7632675708
0.0508470299 0.0000000000 0.0508470299
0.0248803287 0.0000000000 0.0248803287
0.4380100391 0.0000000000 0.4380111633
0.2065211351 0.0000000000 0.2065211351
1.0350886575 0.0000000000 1.0350886575
1.0434750033 0.0000000000 1.0434750033
1.0673779067 0.0000000000 1.0673779067
0.1462277896 0.0000000000 0.1462277896
0.0178259874 0.0000000000 0.0178259874
1.0883666539 0.0000000000 1.0883666539
0.2355815427 0.0000000000 0.2355815427
0.1287279902 0.0000000000 0.1287279902
0.0472497716 0.0000000000 0.0472497716
0.2211218552 0.0000000000 0.2211218552
0.2211218552 0.0000000000 0.2211218552
0.0085113716 0.0000000000 0.0085113716
0.6534479713 0.0000000000 0.6534490722
0.2746867267 0.0000000000 0.2746867267
0.3408125186 0.0000000000 0.3408125186
0.6341677979 0.0000000000 0.6341677979
0.0248803287 0.0000000000 0.0248803287
0.5879840921 0.0000000000 0.5879840921
0.0918856580 0.0000000000 0.0918856580
1.0792304190 0.0000000000 1.0792293615
0.0579967136 0.0000000000 0.0579967136
0.8641310788 0.0000000000 0.8641310788
0.6724737818 0.0000000000 0.6724737818
0.8068724772 0.0000000000 0.8068724772
1.0306387896 0.0000000000 1.0306387896
1.0003443696 0.0000000000 1.0003443696
0.2211207066 0.0000000000 0.2211218552
0.8801030343 0.0000000000 0.8801030343
0.2826680798 0.0000000000 0.2826680798
0.4201057884 0.0000000000 0.4201057884
0.8475788547 0.0000000000 0.8475788547
1.0883666539 0.0000000000 1.0883666539
1.0873138147 0.0000000000 1.0873138147
0.3321827910 0.0000000000 0.3321827910
1.0673779067 0.0000000000 1.0673779067
0.9313667643 0.0000000000 0.9313667643
0.9829090317 0.0000000000 0.9829090317
0.0650855622 0.0000000000 0.0650855622
0.3834952014 0.0000000000 0.3834963316
0.8475788547 0.0000000000 0.8475788547
1.0111235577 0.0000000000 1.0111235577
0.0352355665 0.0000000000 0.0352355665
0.0352355665 0.0000000000 0.0352355665
0.1287279902 0.0000000000 0.1287279902
1.0350893654 0.0000000000 1.0350893654
0.2355815427 0.0000000000 0.2355823073
0.4201050376 0.0000000000 0.4201057884
0.2065219020 0.0000000000 0.2065219020
0.2355815427 0.0000000000 0.2355823073
0.0737352015 0.0000000000 0.0737352015
0.6341677979 0.0000000000 0.6341677979
0.2666616574 0.0000000000 0.2666616574
0.9510878458 0.0000000000 0.9510878458
0.0100992391 0.0000000000 0.0101004126
0.5122956778 0.0000000000 0.5122956778
1.0898980018 0.0000000000 1.0898980018
0.8152066889 0.0000000000 0.8152074115
1.0892277996 0.0000000000 1.0892267430
0.2666616574 0.0000000000 0.2666616574
0.9639634977 0.0000000000 0.9639634977
1.0003443696 0.0000000000 1.0003443696
1.0212221220 0.0000000000 1.0212221220
0.8152066889 0.0000000000 0.8152074115
0.7356213110 0.0000000000 0.7356213110
0.1462277896 0.0000000000 0.1462277896
0.3747804680 0.0000000000 0.3747804680
0.4556438249 0.0000000000 0.4556438249
0.0873774791 0.0000000000 0.0873774791
0.3579082191 0.0000000000 0.3579082191
0.8314848930 0.0000000000 0.8314848930
0.0090492961 0.0000000000 0.0090492961
0.2138387318 0.0000000000 0.2138387318
0.6341677979 0.0000000000 0.6341677979
0.1231443279 0.0000000000 0.1231443279
1.0673779067 0.0000000000 1.0673779067
0.1287279902 0.0000000000 0.1287279902
1.0883666539 0.0000000000 1.0883666539
0.9102896271 0.0000000000 0.9102896271
0.1917868247 0.0000000000 0.1917868247
0.2211218552 0.0000000000 0.2211218552
0.1786861139 0.0000000000 0.1786872675
0.5029689167 0.0000000000 0.5029689167
0.0106136074 0.0000000000 0.0106136074
0.6251228871 0.0000000000 0.6251228871
0.1065990019 0.0000000000 0.1065990019
0.0300798134 0.0000000000 0.0300798134
0.0436391064 0.0000000000 0.0436391064
0.8641310788 0.0000000000 0.8641310788
0.0116168408 0.0000000000 0.0116168408
0.2984970149 0.0000000000 0.2984970149
1.0581751746 0.0000000000 1.0581751746
0.7632675708 0.0000000000 0.7632675708
0.9244909984 0.0000000000 0.9244909984
1.0846349359 0.0000000000 1.0846356406
0.2746867267 0.0000000000 0.2746867267
1.0614167609 0.0000000000 1.0614167609
0.8954926731 0.0000000000 0.8954915973
1.0892277996 0.0000000000 1.0892277996
1.0547598445 0.0000000000 1.0547598445
0.2427586431 0.0000000000 0.2427586431
0.0193767776 0.0000000000 0.0193756053
0.9244909984 0.0000000000 0.9244909984
0.0615491718 0.0000000000 0.0615483936
1.0903758873 0.0000000000 1.0903758873
0.0963735477 0.0000000000 0.0963735477
0.6630152689 0.0000000000 0.6630152689
0.2138387318 0.0000000000 0.2138387318
0.0116156675 0.0000000000 0.0116156675
1.0260152681 0.0000000000 1.0260152681
0.7810925683 0.0000000000 0.7810925683
0.9947013043 0.0000000000 0.9947013043
0.0918856580 0.0000000000 0.0918856580
0.4650508291 0.0000000000 0.4650508291
0.0085113716 0.0000000000 0.0085113716
0.9446659769 0.0000000000 0.9446659769
0.6630152689 0.0000000000 0.6630152689
0.6724737818 0.0000000000 0.6724737818
0.5879840921 0.0000000000 0.5879840921
1.0644847595 0.0000000000 1.0644847595
0.8314848930 0.0000000000 0.8314848930
0.9446659769 0.0000000000 0.9446659769
0.7181119654 0.0000000000 0.7181119654
0.0193767776 0.0000000000 0.0193756053
1.0212231852 0.0000000000 1.0212221220
0.9888896164 0.0000000000 0.9888889054
0.7092064988 0.0000000000 0.7092075938
0.0737352015 0.0000000000 0.0737352015
0.4201057884 0.0000000000 0.4201050376
0.0508470299 0.0000000000 0.0508470299
0.9639634977 0.0000000000 0.9639634977
0.8314848930 0.0000000000 0.8314848930
0.0300805942 0.0000000000 0.0300798134
0.6159820586 0.0000000000 0.6159820586
0.0146970808 0.0000000000 0.0146970808
0.5688486265 0.0000000000 0.5688486265
0.6534479713 0.0000000000 0.6534479713
0.9767606911 0.0000000000 0.9767606911
0.1175613725 0.0000000000 0.1175602118
0.3321827910 0.0000000000 0.3321827910
1.0860699307 0.0000000000 1.0860699307
0.8878706176 0.0000000000 0.8878716942
0.5029689167 0.0000000000 0.5029689167
0.0326644692 0.0000000000 0.0326644692
0.8641310788 0.0000000000 0.8641310788
0.5029689167 0.0000000000 0.5029689167
0.4110516515 0.0000000000 0.4110516515
0.2065211351 0.0000000000 0.2065211351
1.0581751746 0.0000000000 1.0581751746
0.1342915009 0.0000000000 0.1342915009
0.5307102781 0.0000000000 0.5307091641
0.6630152689 0.0000000000 0.6630152689
0.0162667414 0.0000000000 0.0162659596
0.3234986706 0.0000000000 0.3234986706
1.0700977542 0.0000000000 1.0700977542
1.0873138147 0.0000000000 1.0873138147
0.7092075938 0.0000000000 0.7092064988
0.4468623834 0.0000000000 0.4468623834
0.8475788547 0.0000000000 0.8475788547
0.8234108468 0.0000000000 0.8234108468
0.7984075414 0.0000000000 0.7984075414
0.2746867267 0.0000000000 0.2746867267
0.8954926731 0.0000000000 0.8954926731
0.6437730577 0.0000000000 0.6437730577
1.0673789654 0.0000000000 1.0673789654
0.1786872675 0.0000000000 0.1786861139
0.0300805942 0.0000000000 0.0300798134
0.8394269623 0.0000000000 0.8394269623
0.3147611544 0.0000000000 0.3147611544
0.2427586431 0.0000000000 0.2427586431
0.8721885257 0.0000000000 0.8721885257
0.0193756053 0.0000000000 0.0193756053
0.1850977967 0.0000000000 0.1850977967
0.9704457302 0.0000000000 0.9704457302
0.8878706176 0.0000000000 0.8878716942
0.4110516515 0.0000000000 0.4110516515
0.1917868247 0.0000000000 0.1917868247
0.9947013043 0.0000000000 0.9947013043
0.2427586431 0.0000000000 0.2427586431
0.0873767029 0.0000000000 0.0873774791
0.4556438249 0.0000000000 0.4556438249
1.0260152681 0.0000000000 1.0260152681
0.0377950663 0.0000000000 0.0377950663
0.9704457302 0.0000000000 0.9704446619
0.0193767776 0.0000000000 0.0193756053
0.0193756053 0.0000000000 0.0193767776
0.9029655717 0.0000000000 0.9029655717
0.4201057884 0.0000000000 0.4201057884
0.9174651463 0.0000000000 0.9174651463
0.7269220411 0.0000000000 0.7269220411
0.7092075938 0.0000000000 0.7092064988
1.0892267430 0.0000000000 1.0892277996
0.3408117619 0.0000000000 0.3408117619
1.0162580609 0.0000000000 1.0162580609
0.4840973919 0.0000000000 0.4840973919
0.6437730577 0.0000000000 0.6437730577
0.0615483936 0.0000000000 0.0615491718
1.0511713124 0.0000000000 1.0511713124
0.3493879929 0.0000000000 0.3493879929
0.0403433676 0.0000000000 0.0403433676
1.0162580609 0.0000000000 1.0162580609
0.7181119654 0.0000000000 0.7181119654
1.0058183680 0.0000000000 1.0058183680
0.4290914824 0.0000000000 0.4290914824
0.0918856580 0.0000000000 0.0918856580
0.5493432445 0.0000000000 0.5493432445
1.0581751746 0.0000000000 1.0581751746
1.0726433744 0.0000000000 1.0726433744
0.4110516515 0.0000000000 0.4110516515
0.1010799091 0.0000000000 0.1010810718
0.1398364382 0.0000000000 0.1398364382
1.0393686248 0.0000000000 1.0393686248
0.3321827910 0.0000000000 0.3321827910
0.1287279902 0.0000000000 0.1287279902
0.0178259874 0.0000000000 0.0178259874
0.1120921637 0.0000000000 0.1120921637
0.1287279902 0.0000000000 0.1287279902
1.0003443696 0.0000000000 1.0003443696
0.1991701401 0.0000000000 0.1991701401
0.1231451012 0.0000000000 0.1231443279
0.6630152689 0.0000000000 0.6630152689
0.3147611544 0.0000000000 0.3147611544
0.0209179440 0.0000000000 0.0209167718
1.0058183680 0.0000000000 1.0058183680
1.0700977542 0.0000000000 1.0700977542
0.0095785848 0.0000000000 0.0095778024
0.5215433460 0.0000000000 0.5215433460
0.5688486265 0.0000000000 0.5688486265
1.0903758873 0.0000000000 1.0903758873
0.8475788547 0.0000000000 0.8475788547
0.9767606911 0.0000000000 0.9767599793
0.2283698156 0.0000000000 0.2283698156
0.0209179440 0.0000000000 0.0209167718
0.0615483936 0.0000000000 0.0615483936
0.0162667414 0.0000000000 0.0162667414
1.0883666539 0.0000000000 1.0883666539
0.0377950663 0.0000000000 0.0377950663
1.0614167609 0.0000000000 1.0614167609
0.7722433481 0.0000000000 0.7722444365
0.5974112592 0.0000000000 0.5974119971
1.0581751746 0.0000000000 1.0581751746
0.1991709076 0.0000000000 0.1991701401
0.2427586431 0.0000000000 0.2427586431
1.0700977542 0.0000000000 1.0700977542
0.2355815427 0.0000000000 0.2355823073
0.3493872369 0.0000000000 0.3493872369
0.7541645484 0.0000000000 0.7541645484
0.5029689167 0.0000000000 0.5029689167
0.7269220411 0.0000000000 0.7269220411
0.4556438249 0.0000000000 0.4556438249
0.0544289490 0.0000000000 0.0544289490
0.7984075414 0.0000000000 0.7984075414
0.5493432445 0.0000000000 0.5493432445
0.7356213110 0.0000000000 0.7356213110
0.6159820586 0.0000000000 0.6159820586
0.1592893842 0.0000000000 0.1592893842
0.8068724772 0.0000000000 0.8068724772
0.3493891269 0.0000000000 0.3493879929
0.9446659769 0.0000000000 0.9446649060
0.7269220411 0.0000000000 0.7269220411
0.0209179440 0.0000000000 0.0209167718
0.0146970808 0.0000000000 0.0146978628
0.7001904193 0.0000000000 0.7001904193
0.6251228871 0.0000000000 0.6251228871
1.0750141851 0.0000000000 1.0750131272
0.8801030343 0.0000000000 0.8801030343
0.2906046805 0.0000000000 0.2906046805
0.0579959351 0.0000000000 0.0579967136
0.9313667643 0.0000000000 0.9313667643
0.8641310788 0.0000000000 0.8641310788
0.1917868247 0.0000000000 0.1917868247
0.5122956778 0.0000000000 0.5122956778
0.9244909984 0.0000000000 0.9244909984
0.0403433676 0.0000000000 0.0403433676
0.0579967136 0.0000000000 0.0579959351
0.9244909984 0.0000000000 0.9244909984
0.1287279902 0.0000000000 0.1287279902
0.0783013069 0.0000000000 0.0783024723
0.0193756053 0.0000000000 0.0193767776
0.9029655717 0.0000000000 0.9029655717
0.0106136074 0.0000000000 0.0106136074
0.5879840921 0.0000000000 0.5879840921
0.3234979126 0.0000000000 0.3234979126
0.3493872369 0.0000000000 0.3493872369
0.1991701401 0.0000000000 0.1991701401
0.7269220411 0.0000000000 0.7269220411
0.4201057884 0.0000000000 0.4201057884
0.6534479713 0.0000000000 0.6534479713
0.0436391064 0.0000000000 0.0436391064
1.0906628903 0.0000000000 1.0906628903
1.0792304190 0.0000000000 1.0792293615
1.0434750033 0.0000000000 1.0434750033
0.8559274881 0.0000000000 0.8559274881
0.3234979126 0.0000000000 0.3234986706
0.4019318970 0.0000000000 0.4019318970
0.1462277896 0.0000000000 0.1462277896
0.1231451012 0.0000000000 0.1231443279
0.3834963316 0.0000000000 0.3834963316
0.5784636706 0.0000000000 0.5784636706
0.1231451012 0.0000000000 0.1231451012
1.0906628903 0.0000000000 1.0906628903
0.8878716942 0.0000000000 0.8878716942
0.0209179440 0.0000000000 0.0209167718
0.3579082191 0.0000000000 0.3579074637
0.0783013069 0.0000000000 0.0783024723
0.8068724772 0.0000000000 0.8068724772
0.3234979126 0.0000000000 0.3234979126
0.5215433460 0.0000000000 0.5215433460
0.9446659769 0.0000000000 0.9446659769
0.7898148261 0.0000000000 0.7898148261
0.7722444365 0.0000000000 0.7722444365
0.0783024723 0.0000000000 0.0783024723
0.3579082191 0.0000000000 0.3579082191
1.0726433744 0.0000000000 1.0726433744
0.8314848930 0.0000000000 0.8314848930
1.0306387896 0.0000000000 1.0306387896
0.8954926731 0.0000000000 0.8954926731
0.8559274881 0.0000000000 0.8559274881
0.1462277896 0.0000000000 0.1462277896
0.8152074115 0.0000000000 0.8152074115
0.2585927669 0.0000000000 0.2585927669
0.8559274881 0.0000000000 0.8559274881
0.0691498634 0.0000000000 0.0691498634
0.9380923765 0.0000000000 0.9380923765
1.0726433744 0.0000000000 1.0726433744
0.0615483936 0.0000000000 0.0615483936
0.0873774791 0.0000000000 0.0873774791
0.7001904193 0.0000000000 0.7001904193
0.1231451012 0.0000000000 0.1231451012
0.3147611544 0.0000000000 0.3147611544
0.8475788547 0.0000000000 0.8475788547
0.4201050376 0.0000000000 0.4201057884
0.8954915973 0.0000000000 0.8954915973
1.0846356406 0.0000000000 1.0846356406
0.7984075414 0.0000000000 0.7984075414
0.0963735477 0.0000000000 0.0963735477
0.1120921637 0.0000000000 0.1120921637
0.4468623834 0.0000000000 0.4468623834
0.9313667643 0.0000000000 0.9313667643
0.0146970808 0.0000000000 0.0146978628
1.0058183680 0.0000000000 1.0058194328
0.0300805942 0.0000000000 0.0300798134
0.1120921637 0.0000000000 0.1120921637
1.0614167609 0.0000000000 1.0614167609
0.9829090317 0.0000000000 0.9829090317
0.4110516515 0.0000000000 0.4110516515
0.6630145356 0.0000000000 0.6630152689
0.9510878458 0.0000000000 0.9510878458
0.0544289490 0.0000000000 0.0544289490
0.0193756053 0.0000000000 0.0193756053
0.8314848930 0.0000000000 0.8314848930
1.0860699307 0.0000000000 1.0860699307
0.1398364382 0.0000000000 0.1398364382
1.0903758873 0.0000000000 1.0903758873
0.0436391064 0.0000000000 0.0436391064
1.0860699307 0.0000000000 1.0860699307
