0.5327903205 0.0000000000 0.5327903205
0.5302115549 0.0000000000 0.5302115549
0.1690665859 0.0000000000 0.1690665859
0.2720289253 0.0000000000 0.2720289253
0.0107164778 0.0000000000 0.0107164778
0.0140476405 0.0000000000 0.0140464675
0.3038036053 0.0000000000 0.3038036053
0.4501733870 0.0000000000 0.4501733870
0.0450010574 0.0000000000 0.0450010574
0.0812328768 0.0000000000 0.0812328768
0.5245055223 0.0000000000 0.5245055223
0.1483697931 0.0000000000 0.1483697931
0.0544558172 0.0000000000 0.0544558172
0.2490158112 0.0000000000 0.2490146658
0.0115613039 0.0000000000 0.0115613039
0.4690295291 0.0000000000 0.4690284083
0.2038792536 0.0000000000 0.2038792536
0.0085610575 0.0000000000 0.0085610575
0.4534844377 0.0000000000 0.4534855602
0.3354739355 0.0000000000 0.3354739355
0.5232781679 0.0000000000 0.5232792828
0.0473853794 0.0000000000 0.0473853794
0.0140476405 0.0000000000 0.0140476405
0.1130130702 0.0000000000 0.1130130702
0.4534844377 0.0000000000 0.4534855602
0.3220091468 0.0000000000 0.3220091468
0.0426017293 0.0000000000 0.0426017293
0.0169469145 0.0000000000 0.0169469145
0.5205888459 0.0000000000 0.5205888459
0.5046186518 0.0000000000 0.5046186518
0.5087118709 0.0000000000 0.5087118709
0.3654147509 0.0000000000 0.3654136186
0.4214142885 0.0000000000 0.4214142885
0.3611630432 0.0000000000 0.3611630432
0.5314796681 0.0000000000 0.5314807820
0.2993917086 0.0000000000 0.2993917086
0.4567297057 0.0000000000 0.4567297057
0.3310346316 0.0000000000 0.3310346316
0.4251230422 0.0000000000 0.4251230422
0.4398355238 0.0000000000 0.4398355238
0.5334251656 0.0000000000 0.5334251656
0.1441574782 0.0000000000 0.1441574782
0.0123986264 0.0000000000 0.0123986264
0.3310346316 0.0000000000 0.3310346316
0.4904918027 0.0000000000 0.4904918027
0.4103764647 0.0000000000 0.4103764647
0.5302115549 0.0000000000 0.5302115549
0.2038792536 0.0000000000 0.2038792536
0.0096560393 0.0000000000 0.0096548657
0.1399221363 0.0000000000 0.1399221363
0.4103764647 0.0000000000 0.4103764647
0.0169476962 0.0000000000 0.0169476962
0.5327903205 0.0000000000 0.5327903205
0.4955073519 0.0000000000 0.4955073519
0.0148593364 0.0000000000 0.0148593364
0.0224408963 0.0000000000 0.0224401149
0.4719322395 0.0000000000 0.4719322395
0.0306493395 0.0000000000 0.0306493395
0.0450010574 0.0000000000 0.0450010574
0.5324335277 0.0000000000 0.5324324139
0.5245055223 0.0000000000 0.5245055223
0.0690728786 0.0000000000 0.0690717122
0.3697880325 0.0000000000 0.3697880325
0.4747687850 0.0000000000 0.4747687850
0.5191268168 0.0000000000 0.5191268168
0.5330687661 0.0000000000 0.5330676524
0.4879064763 0.0000000000 0.4879064763
0.0780810543 0.0000000000 0.0780810543
0.2859009154 0.0000000000 0.2859009154
0.3908062163 0.0000000000 0.3908062163
0.4879064763 0.0000000000 0.4879064763
0.5087118709 0.0000000000 0.5087118709
0.0107164778 0.0000000000 0.0107164778
0.4567297057 0.0000000000 0.4567297057
0.0630094005 0.0000000000 0.0630101786
0.2445136276 0.0000000000 0.2445136276
0.1525583393 0.0000000000 0.1525583393
0.0917118721 0.0000000000 0.0917118721
0.2168989436 0.0000000000 0.2168989436
0.5205888459 0.0000000000 0.5205888459
0.3127870059 0.0000000000 0.3127881441
0.0197132447 0.0000000000 0.0197132447
0.0082672419 0.0000000000 0.0082672419
0.5024565549 0.0000000000 0.5024558102
0.5142697341 0.0000000000 0.5142697341
0.0986240903 0.0000000000 0.0986240903
0.5142697341 0.0000000000 0.5142697341
0.4027242146 0.0000000000 0.4027242146
0.4599066363 0.0000000000 0.4599066363
0.2081728654 0.0000000000 0.2081728654
0.5302115549 0.0000000000 0.5302115549
0.3783664706 0.0000000000 0.3783664706
0.3654136186 0.0000000000 0.3654147509
0.5333854425 0.0000000000 0.5333854425
0.4288987043 0.0000000000 0.4288998295
0.0096560393 0.0000000000 0.0096548657
0.0325391944 0.0000000000 0.0325391944
0.0099087400 0.0000000000 0.0099087400
0.0132272742 0.0000000000 0.0132272742
0.3908062163 0.0000000000 0.3908062163
0.2534820011 0.0000000000 0.2534808561
0.0148593364 0.0000000000 0.0148593364
0.0169469145 0.0000000000 0.0169469145
0.5046186518 0.0000000000 0.5046186518
0.0268353410 0.0000000000 0.0268353410
0.3654147509 0.0000000000 0.3654147509
0.0362834781 0.0000000000 0.0362842583
0.2859020566 0.0000000000 0.2859020566
0.5286246147 0.0000000000 0.5286253575
0.0599622445 0.0000000000 0.0599622445
0.2625742634 0.0000000000 0.2625742634
0.2813197741 0.0000000000 0.2813197741
0.0497558752 0.0000000000 0.0497558752
0.0268353410 0.0000000000 0.0268353410
0.1819562822 0.0000000000 0.1819562822
0.2215261682 0.0000000000 0.2215261682
0.5175868700 0.0000000000 0.5175857546
0.5308855496 0.0000000000 0.5308855496
0.4467934941 0.0000000000 0.4467934941
0.0780810543 0.0000000000 0.0780810543
0.2354022306 0.0000000000 0.2354022306
0.4288998295 0.0000000000 0.4288998295
0.4251230422 0.0000000000 0.4251230422
0.0268353410 0.0000000000 0.0268353410
0.1322364579 0.0000000000 0.1322364579
0.5087118709 0.0000000000 0.5087118709
0.5046186518 0.0000000000 0.5046186518
0.1284304086 0.0000000000 0.1284304086
0.3867169464 0.0000000000 0.3867169464
0.5159674831 0.0000000000 0.5159674831
0.0750894800 0.0000000000 0.0750894800
0.2625742634 0.0000000000 0.2625742634
0.3948373890 0.0000000000 0.3948373890
0.5277138610 0.0000000000 0.5277138610
0.2993917086 0.0000000000 0.2993917086
0.4775351146 0.0000000000 0.4775351146
0.4775351146 0.0000000000 0.4775351146
0.4828595910 0.0000000000 0.4828607102
0.4802324047 0.0000000000 0.4802324047
0.2168989436 0.0000000000 0.2168989436
0.4630156671 0.0000000000 0.4630156671
0.0123986264 0.0000000000 0.0123986264
0.0690728786 0.0000000000 0.0690728786
0.2949379660 0.0000000000 0.2949379660
0.3908062163 0.0000000000 0.3908062163
0.4567297057 0.0000000000 0.4567289576
0.2124347346 0.0000000000 0.2124347346
0.5245055223 0.0000000000 0.5245055223
0.4747687850 0.0000000000 0.4747687850
0.2859009154 0.0000000000 0.2859009154
0.1774836543 0.0000000000 0.1774836543
0.2081728654 0.0000000000 0.2081728654
0.4979007702 0.0000000000 0.4979000251
0.0183344768 0.0000000000 0.0183344768
0.5219737341 0.0000000000 0.5219737341
0.1952008600 0.0000000000 0.1952008600
0.1091109178 0.0000000000 0.1091109178
0.0197124631 0.0000000000 0.0197132447
0.1322364579 0.0000000000 0.1322364579
0.1441563206 0.0000000000 0.1441574782
0.4630156671 0.0000000000 0.4630156671
0.0123986264 0.0000000000 0.0123986264
0.5124950722 0.0000000000 0.5124950722
0.0630094005 0.0000000000 0.0630101786
0.4979000251 0.0000000000 0.4979007702
0.1054733504 0.0000000000 0.1054733504
0.3825702623 0.0000000000 0.3825702623
0.5219737341 0.0000000000 0.5219737341
0.0107164778 0.0000000000 0.0107164778
0.2766954164 0.0000000000 0.2766954164
0.5332670149 0.0000000000 0.5332659011
0.2399750193 0.0000000000 0.2399750193
0.3485385612 0.0000000000 0.3485393172
0.5294580395 0.0000000000 0.5294580395
0.0107164778 0.0000000000 0.0107164778
0.0088462575 0.0000000000 0.0088454751
0.5024565549 0.0000000000 0.5024558102
0.0521125547 0.0000000000 0.0521125547
0.4747687850 0.0000000000 0.4747687850
0.2579107194 0.0000000000 0.2579107194
0.2399757836 0.0000000000 0.2399750193
0.0381383106 0.0000000000 0.0381383106
0.2720289253 0.0000000000 0.2720289253
0.4141140390 0.0000000000 0.4141140390
0.4326103537 0.0000000000 0.4326103537
0.2261485661 0.0000000000 0.2261497141
0.1130130702 0.0000000000 0.1130130702
0.1952008600 0.0000000000 0.1952008600
0.0237893976 0.0000000000 0.0237893976
0.5327903205 0.0000000000 0.5327903205
0.5333854425 0.0000000000 0.5333854425
0.5142697341 0.0000000000 0.5142697341
0.5267227860 0.0000000000 0.5267227860
0.5334251656 0.0000000000 0.5334251656
0.3654147509 0.0000000000 0.3654147509
0.4802331511 0.0000000000 0.4802324047
0.5232781679 0.0000000000 0.5232781679
0.5087118709 0.0000000000 0.5087118709
0.0362834781 0.0000000000 0.0362842583
0.5067032452 0.0000000000 0.5067032452
0.1360217318 0.0000000000 0.1360217318
0.3741043686 0.0000000000 0.3741054999
0.0750894800 0.0000000000 0.0750894800
0.1399221363 0.0000000000 0.1399221363
0.4214142885 0.0000000000 0.4214142885
0.0210808776 0.0000000000 0.0210808776
0.5314796681 0.0000000000 0.5314796681
0.2579107194 0.0000000000 0.2579107194
0.0082672419 0.0000000000 0.0082672419
0.2579107194 0.0000000000 0.2579107194
0.4433469379 0.0000000000 0.4433480615
0.5308855496 0.0000000000 0.5308855496
0.1908159986 0.0000000000 0.1908159986
0.0096560393 0.0000000000 0.0096548657
0.4854182192 0.0000000000 0.4854182192
0.5277138610 0.0000000000 0.5277138610
0.3825691320 0.0000000000 0.3825691320
0.0630101786 0.0000000000 0.0630101786
0.5277138610 0.0000000000 0.5277138610
0.4828595910 0.0000000000 0.4828607102
0.0224401149 0.0000000000 0.0224408963
0.2766954164 0.0000000000 0.2766954164
0.1608630909 0.0000000000 0.1608630909
0.0169476962 0.0000000000 0.0169469145
0.1774836543 0.0000000000 0.1774836543
0.5142697341 0.0000000000 0.5142697341
0.0660466643 0.0000000000 0.0660466643
0.4904910571 0.0000000000 0.4904918027
0.4775351146 0.0000000000 0.4775351146
0.0660466643 0.0000000000 0.0660466643
0.1952008600 0.0000000000 0.1952008600
0.0082672419 0.0000000000 0.0082672419
0.3354739355 0.0000000000 0.3354739355
0.2720289253 0.0000000000 0.2720289253
0.0325391944 0.0000000000 0.0325391944
0.3988105338 0.0000000000 0.3988105338
0.0093927698 0.0000000000 0.0093935522
0.0344169782 0.0000000000 0.0344169782
0.1819562822 0.0000000000 0.1819570510
0.3127870059 0.0000000000 0.3127870059
0.3310346316 0.0000000000 0.3310346316
0.2261485661 0.0000000000 0.2261497141
0.1054733504 0.0000000000 0.1054733504
0.0169469145 0.0000000000 0.0169469145
0.1649770465 0.0000000000 0.1649770465
0.0096560393 0.0000000000 0.0096548657
0.3485393172 0.0000000000 0.3485385612
0.1360217318 0.0000000000 0.1360217318
0.5106419691 0.0000000000 0.5106419691
0.3825691320 0.0000000000 0.3825691320
0.5277138610 0.0000000000 0.5277138610
0.5308855496 0.0000000000 0.5308855496
0.4802324047 0.0000000000 0.4802324047
0.5002165330 0.0000000000 0.5002165330
0.2813197741 0.0000000000 0.2813197741
0.0091236251 0.0000000000 0.0091236251
0.5124950722 0.0000000000 0.5124950722
0.4288987043 0.0000000000 0.4288998295
0.1819562822 0.0000000000 0.1819570510
0.4879064763 0.0000000000 0.4879064763
0.3398685289 0.0000000000 0.3398685289
0.1360217318 0.0000000000 0.1360217318
0.4501733870 0.0000000000 0.4501733870
0.4251230422 0.0000000000 0.4251230422
0.0183344768 0.0000000000 0.0183344768
0.2038792536 0.0000000000 0.2038792536
0.4955073519 0.0000000000 0.4955073519
0.3442298165 0.0000000000 0.3442298165
0.3741043686 0.0000000000 0.3741054999
0.3398685289 0.0000000000 0.3398685289
0.4141140390 0.0000000000 0.4141140390
0.5191268168 0.0000000000 0.5191268168
0.4567289576 0.0000000000 0.4567297057
0.5332659011 0.0000000000 0.5332670149
0.4660557392 0.0000000000 0.4660557392
0.5327903205 0.0000000000 0.5327903205
0.5277138610 0.0000000000 0.5277138610
0.5324324139 0.0000000000 0.5324324139
0.3908062163 0.0000000000 0.3908062163
0.5106419691 0.0000000000 0.5106419691
0.4141140390 0.0000000000 0.4141140390
0.1995553929 0.0000000000 0.1995553929
0.0251275582 0.0000000000 0.0251275582
0.4690295291 0.0000000000 0.4690284083
0.5294580395 0.0000000000 0.5294580395
0.5124950722 0.0000000000 0.5124950722
0.2490158112 0.0000000000 0.2490146658
0.2673225285 0.0000000000 0.2673217663
0.4630156671 0.0000000000 0.4630156671
0.2813197741 0.0000000000 0.2813197741
0.1819562822 0.0000000000 0.1819562822
0.5232781679 0.0000000000 0.5232792828
0.2949379660 0.0000000000 0.2949379660
0.4775351146 0.0000000000 0.4775351146
0.1649770465 0.0000000000 0.1649770465
0.3908050869 0.0000000000 0.3908050869
0.3398696640 0.0000000000 0.3398696640
0.0224408963 0.0000000000 0.0224401149
0.0268353410 0.0000000000 0.0268353410
0.2168989436 0.0000000000 0.2168989436
0.1525583393 0.0000000000 0.1525583393
0.1399221363 0.0000000000 0.1399213643
0.2949379660 0.0000000000 0.2949379660
0.2490158112 0.0000000000 0.2490146658
0.5232792828 0.0000000000 0.5232781679
0.0473853794 0.0000000000 0.0473853794
0.2673225285 0.0000000000 0.2673217663
0.0079659837 0.0000000000 0.0079659837
0.0780810543 0.0000000000 0.0780810543
0.1483697931 0.0000000000 0.1483697931
0.3908050869 0.0000000000 0.3908050869
0.5219737341 0.0000000000 0.5219737341
0.1246051063 0.0000000000 0.1246062662
0.2261497141 0.0000000000 0.2261497141
0.1819562822 0.0000000000 0.1819570510
0.4251230422 0.0000000000 0.4251241678
0.5067032452 0.0000000000 0.5067032452
0.0720872765 0.0000000000 0.0720872765
0.1020564850 0.0000000000 0.1020564850
0.0156623640 0.0000000000 0.0156623640
0.2625742634 0.0000000000 0.2625742634
0.1908159986 0.0000000000 0.1908159986
0.2859009154 0.0000000000 0.2859009154
0.1207609155 0.0000000000 0.1207609155
0.0917118721 0.0000000000 0.0917118721
0.4690295291 0.0000000000 0.4690295291
0.0690728786 0.0000000000 0.0690717122
0.4955073519 0.0000000000 0.4955073519
0.1054733504 0.0000000000 0.1054733504
0.5314807820 0.0000000000 0.5314796681
0.0306501202 0.0000000000 0.0306501202
0.5333854425 0.0000000000 0.5333854425
0.5333854425 0.0000000000 0.5333854425
0.4534844377 0.0000000000 0.4534844377
0.5002165330 0.0000000000 0.5002165330
0.3398696640 0.0000000000 0.3398696640
0.4467934941 0.0000000000 0.4467934941
0.4828607102 0.0000000000 0.4828595910
0.3948373890 0.0000000000 0.3948373890
0.5191268168 0.0000000000 0.5191268168
0.0401889440 0.0000000000 0.0401889440
0.5267227860 0.0000000000 0.5267227860
0.0750894800 0.0000000000 0.0750894800
0.1608630909 0.0000000000 0.1608630909
0.3570069999 0.0000000000 0.3570062444
0.0183344768 0.0000000000 0.0183344768
0.3570062444 0.0000000000 0.3570069999
0.5314796681 0.0000000000 0.5314796681
0.4719333600 0.0000000000 0.4719322395
0.0156623640 0.0000000000 0.0156623640
0.4775351146 0.0000000000 0.4775351146
0.0148593364 0.0000000000 0.0148593364
0.5332659011 0.0000000000 0.5332659011
0.0569402238 0.0000000000 0.0569402238
0.2307921545 0.0000000000 0.2307921545
0.3697880325 0.0000000000 0.3697880325
0.3485385612 0.0000000000 0.3485385612
0.3741054999 0.0000000000 0.3741043686
0.3265467694 0.0000000000 0.3265456328
0.5142697341 0.0000000000 0.5142697341
0.0473853794 0.0000000000 0.0473853794
0.0210808776 0.0000000000 0.0210808776
0.3081695359 0.0000000000 0.3081695359
0.5332670149 0.0000000000 0.5332659011
0.0107164778 0.0000000000 0.0107164778
0.4599066363 0.0000000000 0.4599066363
0.5142697341 0.0000000000 0.5142697341
0.3220091468 0.0000000000 0.3220091468
0.5159674831 0.0000000000 0.5159674831
0.0544546490 0.0000000000 0.0544546490
0.0780810543 0.0000000000 0.0780810543
0.0426017293 0.0000000000 0.0426017293
0.4326103537 0.0000000000 0.4326103537
0.5002165330 0.0000000000 0.5002165330
0.0085610575 0.0000000000 0.0085610575
0.4177924164 0.0000000000 0.4177924164
0.0599622445 0.0000000000 0.0599622445
0.2949379660 0.0000000000 0.2949379660
0.4930373417 0.0000000000 0.4930373417
0.1091109178 0.0000000000 0.1091109178
0.1168966533 0.0000000000 0.1168966533
0.2307921545 0.0000000000 0.2307921545
0.0123986264 0.0000000000 0.0123986264
0.0473853794 0.0000000000 0.0473853794
0.3570069999 0.0000000000 0.3570062444
0.3741054999 0.0000000000 0.3741043686
0.5191268168 0.0000000000 0.5191268168
0.2124347346 0.0000000000 0.2124347346
0.4501733870 0.0000000000 0.4501733870
0.2399757836 0.0000000000 0.2399750193
0.3485385612 0.0000000000 0.3485385612
0.0093935522 0.0000000000 0.0093935522
0.1168966533 0.0000000000 0.1168966533
0.5314796681 0.0000000000 0.5314796681
0.4141140390 0.0000000000 0.4141140390
0.4362554368 0.0000000000 0.4362554368
0.1608619353 0.0000000000 0.1608630909
0.5067032452 0.0000000000 0.5067032452
0.1091109178 0.0000000000 0.1091109178
0.3038036053 0.0000000000 0.3038036053
0.0497558752 0.0000000000 0.0497558752
0.2399757836 0.0000000000 0.2399750193
0.0362834781 0.0000000000 0.0362842583
0.4690295291 0.0000000000 0.4690295291
0.4251230422 0.0000000000 0.4251230422
0.3527974754 0.0000000000 0.3527974754
0.4775351146 0.0000000000 0.4775351146
0.5124950722 0.0000000000 0.5124950722
0.0426017293 0.0000000000 0.0426017293
0.0093927698 0.0000000000 0.0093927698
0.1322356852 0.0000000000 0.1322364579
0.5191268168 0.0000000000 0.5191268168
0.1995553929 0.0000000000 0.1995553929
0.0115613039 0.0000000000 0.0115613039
0.2081728654 0.0000000000 0.2081728654
0.1360217318 0.0000000000 0.1360217318
0.5106419691 0.0000000000 0.5106419691
0.0082672419 0.0000000000 0.0082672419
0.2038792536 0.0000000000 0.2038792536
0.0183344768 0.0000000000 0.0183344768
0.1567231472 0.0000000000 0.1567231472
0.1168966533 0.0000000000 0.1168966533
0.0091236251 0.0000000000 0.0091236251
0.1864015369 0.0000000000 0.1864015369
0.4879064763 0.0000000000 0.4879064763
0.3570062444 0.0000000000 0.3570069999
0.0091236251 0.0000000000 0.0091236251
0.3038024661 0.0000000000 0.3038036053
0.0085610575 0.0000000000 0.0085610575
0.1054733504 0.0000000000 0.1054733504
0.0660466643 0.0000000000 0.0660466643
0.1774836543 0.0000000000 0.1774836543
0.1441574782 0.0000000000 0.1441574782
0.2625742634 0.0000000000 0.2625742634
0.5087118709 0.0000000000 0.5087118709
0.2215261682 0.0000000000 0.2215261682
0.2993917086 0.0000000000 0.2993917086
0.2949379660 0.0000000000 0.2949379660
0.0847404448 0.0000000000 0.0847404448
0.4141147902 0.0000000000 0.4141140390
0.0630101786 0.0000000000 0.0630094005
0.0660466643 0.0000000000 0.0660466643
0.3174220757 0.0000000000 0.3174220757
0.1168966533 0.0000000000 0.1168966533
0.0148593364 0.0000000000 0.0148593364
0.1441563206 0.0000000000 0.1441574782
0.0169469145 0.0000000000 0.0169469145
0.0210808776 0.0000000000 0.0210808776
0.0088462575 0.0000000000 0.0088462575
0.0093927698 0.0000000000 0.0093927698
0.4802331511 0.0000000000 0.4802324047
0.2215261682 0.0000000000 0.2215261682
0.5334251656 0.0000000000 0.5334251656
0.5046186518 0.0000000000 0.5046186518
0.4904910571 0.0000000000 0.4904910571
0.1091109178 0.0000000000 0.1091109178
0.2307921545 0.0000000000 0.2307921545
0.3570062444 0.0000000000 0.3570062444
0.0088462575 0.0000000000 0.0088454751
0.2720289253 0.0000000000 0.2720289253
0.5002165330 0.0000000000 0.5002165330
0.0088462575 0.0000000000 0.0088454751
0.4719322395 0.0000000000 0.4719322395
0.1864015369 0.0000000000 0.1864003842
0.1399221363 0.0000000000 0.1399213643
0.4534844377 0.0000000000 0.4534844377
0.0268353410 0.0000000000 0.0268353410
0.1649770465 0.0000000000 0.1649770465
0.2766954164 0.0000000000 0.2766954164
0.5327903205 0.0000000000 0.5327903205
0.5191268168 0.0000000000 0.5191268168
0.0085610575 0.0000000000 0.0085610575
0.0183344768 0.0000000000 0.0183344768
0.1091109178 0.0000000000 0.1091109178
0.1483697931 0.0000000000 0.1483697931
0.5159674831 0.0000000000 0.5159674831
0.0344169782 0.0000000000 0.0344169782
0.5319957806 0.0000000000 0.5319968945
0.2673225285 0.0000000000 0.2673217663
0.0082672419 0.0000000000 0.0082672419
0.0780810543 0.0000000000 0.0780810543
0.5245066370 0.0000000000 0.5245055223
0.0780810543 0.0000000000 0.0780810543
0.5232781679 0.0000000000 0.5232792828
0.1246062662 0.0000000000 0.1246062662
0.4534844377 0.0000000000 0.4534844377
0.4534844377 0.0000000000 0.4534844377
0.3867169464 0.0000000000 0.3867169464
0.2445136276 0.0000000000 0.2445136276
0.5256539671 0.0000000000 0.5256539671
0.0268353410 0.0000000000 0.0268353410
0.2038792536 0.0000000000 0.2038792536
0.4630156671 0.0000000000 0.4630156671
0.0381383106 0.0000000000 0.0381383106
0.3081695359 0.0000000000 0.3081695359
0.3527974754 0.0000000000 0.3527974754
0.3354731784 0.0000000000 0.3354731784
0.3310346316 0.0000000000 0.3310346316
0.0224401149 0.0000000000 0.0224408963
0.1441574782 0.0000000000 0.1441574782
0.5232781679 0.0000000000 0.5232792828
0.4027242146 0.0000000000 0.4027242146
0.5333854425 0.0000000000 0.5333854425
0.1322376169 0.0000000000 0.1322376169
0.5286246147 0.0000000000 0.5286253575
0.3570062444 0.0000000000 0.3570062444
0.2124347346 0.0000000000 0.2124347346
0.0237886164 0.0000000000 0.0237893976
0.1608619353 0.0000000000 0.1608630909
0.0093927698 0.0000000000 0.0093935522
0.1130130702 0.0000000000 0.1130130702
0.4433480615 0.0000000000 0.4433469379
0.1020564850 0.0000000000 0.1020564850
0.1690665859 0.0000000000 0.1690665859
0.4930373417 0.0000000000 0.4930373417
0.0882339555 0.0000000000 0.0882339555
0.5142697341 0.0000000000 0.5142697341
0.0344169782 0.0000000000 0.0344169782
0.1908159986 0.0000000000 0.1908159986
0.1360225042 0.0000000000 0.1360217318
0.0123986264 0.0000000000 0.0123986264
0.0426017293 0.0000000000 0.0426017293
0.0096548657 0.0000000000 0.0096560393
0.0096548657 0.0000000000 0.0096560393
0.0630094005 0.0000000000 0.0630101786
0.2766954164 0.0000000000 0.2766954164
0.1525583393 0.0000000000 0.1525583393
0.0426017293 0.0000000000 0.0426017293
0.4065807557 0.0000000000 0.4065800039
0.5205888459 0.0000000000 0.5205899611
0.5294580395 0.0000000000 0.5294580395
0.4719322395 0.0000000000 0.4719322395
0.2993917086 0.0000000000 0.2993917086
0.3611630432 0.0000000000 0.3611630432
0.2904415613 0.0000000000 0.2904415613
0.0183344768 0.0000000000 0.0183344768
0.4690295291 0.0000000000 0.4690295291
0.0780810543 0.0000000000 0.0780810543
0.5308855496 0.0000000000 0.5308855496
0.3570062444 0.0000000000 0.3570069999
0.0268353410 0.0000000000 0.0268353410
0.0780810543 0.0000000000 0.0780810543
0.5277138610 0.0000000000 0.5277138610
0.1246062662 0.0000000000 0.1246062662
0.1020564850 0.0000000000 0.1020564850
0.1483697931 0.0000000000 0.1483697931
0.5232792828 0.0000000000 0.5232781679
0.1091109178 0.0000000000 0.1091109178
0.2445136276 0.0000000000 0.2445136276
0.1608619353 0.0000000000 0.1608630909
0.0882339555 0.0000000000 0.0882339555
0.5046186518 0.0000000000 0.5046186518
0.2673225285 0.0000000000 0.2673217663
0.3174220757 0.0000000000 0.3174220757
0.3442298165 0.0000000000 0.3442298165
0.5067032452 0.0000000000 0.5067043618
0.2993917086 0.0000000000 0.2993917086
0.3127870059 0.0000000000 0.3127870059
0.5256539671 0.0000000000 0.5256539671
0.0812328768 0.0000000000 0.0812328768
0.0224408963 0.0000000000 0.0224401149
0.3654136186 0.0000000000 0.3654147509
0.4433480615 0.0000000000 0.4433480615
0.0569402238 0.0000000000 0.0569410024
0.4534844377 0.0000000000 0.4534844377
0.0210808776 0.0000000000 0.0210808776
0.5256539671 0.0000000000 0.5256539671
0.0917118721 0.0000000000 0.0917118721
0.5327903205 0.0000000000 0.5327903205
0.4467934941 0.0000000000 0.4467934941
0.5159674831 0.0000000000 0.5159674831
0.1168966533 0.0000000000 0.1168966533
0.2081728654 0.0000000000 0.2081728654
0.5302115549 0.0000000000 0.5302115549
0.4599066363 0.0000000000 0.4599066363
0.0569402238 0.0000000000 0.0569402238
0.0156623640 0.0000000000 0.0156623640
0.3220091468 0.0000000000 0.3220091468
0.5324335277 0.0000000000 0.5324324139
0.4027242146 0.0000000000 0.4027242146
0.0599622445 0.0000000000 0.0599622445
0.4251230422 0.0000000000 0.4251230422
0.0599622445 0.0000000000 0.0599622445
0.4288998295 0.0000000000 0.4288998295
0.2859020566 0.0000000000 0.2859009154
0.1525583393 0.0000000000 0.1525583393
0.0132272742 0.0000000000 0.0132272742
0.0287485778 0.0000000000 0.0287485778
0.5024558102 0.0000000000 0.5024558102
0.2579107194 0.0000000000 0.2579107194
0.4467934941 0.0000000000 0.4467934941
0.0132272742 0.0000000000 0.0132272742
0.1608630909 0.0000000000 0.1608630909
0.0381383106 0.0000000000 0.0381383106
0.3038024661 0.0000000000 0.3038036053
0.0599622445 0.0000000000 0.0599622445
0.2949379660 0.0000000000 0.2949379660
0.5124950722 0.0000000000 0.5124950722
0.4775351146 0.0000000000 0.4775351146
0.1774836543 0.0000000000 0.1774836543
0.4251230422 0.0000000000 0.4251230422
0.0287485778 0.0000000000 0.0287485778
0.5205888459 0.0000000000 0.5205888459
0.3867169464 0.0000000000 0.3867158165
0.5124950722 0.0000000000 0.5124950722
0.2490146658 0.0000000000 0.2490158112
0.4660557392 0.0000000000 0.4660557392
0.5191268168 0.0000000000 0.5191268168
0.1649770465 0.0000000000 0.1649770465
0.4930373417 0.0000000000 0.4930373417
0.3908050869 0.0000000000 0.3908050869
0.4065800039 0.0000000000 0.4065800039
0.1774836543 0.0000000000 0.1774836543
0.1054733504 0.0000000000 0.1054733504
0.5267227860 0.0000000000 0.5267227860
0.5286246147 0.0000000000 0.5286253575
0.5205888459 0.0000000000 0.5205888459
0.0951757623 0.0000000000 0.0951757623
0.3127870059 0.0000000000 0.3127881441
0.5308855496 0.0000000000 0.5308855496
0.1399213643 0.0000000000 0.1399213643
0.0951757623 0.0000000000 0.0951757623
0.2307921545 0.0000000000 0.2307921545
0.2399750193 0.0000000000 0.2399750193
0.5232792828 0.0000000000 0.5232781679
0.4747687850 0.0000000000 0.4747687850
0.5302115549 0.0000000000 0.5302115549
0.1567231472 0.0000000000 0.1567231472
0.3174220757 0.0000000000 0.3174220757
0.5002165330 0.0000000000 0.5002165330
0.0599622445 0.0000000000 0.0599622445
0.0287485778 0.0000000000 0.0287485778
0.2625742634 0.0000000000 0.2625742634
0.5308848069 0.0000000000 0.5308848069
0.5332659011 0.0000000000 0.5332659011
0.1441574782 0.0000000000 0.1441574782
0.3825702623 0.0000000000 0.3825702623
0.1091109178 0.0000000000 0.1091109178
0.2307921545 0.0000000000 0.2307921545
0.0401889440 0.0000000000 0.0401889440
0.2720289253 0.0000000000 0.2720289253
0.0780810543 0.0000000000 0.0780810543
0.0325391944 0.0000000000 0.0325391944
0.1952008600 0.0000000000 0.1952008600
0.0381383106 0.0000000000 0.0381383106
0.2904415613 0.0000000000 0.2904404206
0.2766954164 0.0000000000 0.2766954164
0.5286253575 0.0000000000 0.5286253575
0.0093935522 0.0000000000 0.0093935522
0.0521125547 0.0000000000 0.0521125547
0.0569402238 0.0000000000 0.0569410024
0.3127870059 0.0000000000 0.3127870059
0.4534844377 0.0000000000 0.4534844377
0.4398355238 0.0000000000 0.4398355238
0.3867169464 0.0000000000 0.3867169464
0.1091109178 0.0000000000 0.1091109178
0.1130130702 0.0000000000 0.1130130702
0.2949379660 0.0000000000 0.2949379660
0.3127870059 0.0000000000 0.3127870059
0.3127870059 0.0000000000 0.3127881441
0.2813197741 0.0000000000 0.2813197741
0.0660466643 0.0000000000 0.0660466643
0.2038792536 0.0000000000 0.2038792536
0.4501733870 0.0000000000 0.4501733870
0.3485393172 0.0000000000 0.3485385612
0.5256539671 0.0000000000 0.5256539671
0.2168989436 0.0000000000 0.2168989436
0.1864003842 0.0000000000 0.1864003842
0.0237893976 0.0000000000 0.0237893976
0.0660466643 0.0000000000 0.0660466643
0.5002165330 0.0000000000 0.5002165330
0.5319968945 0.0000000000 0.5319968945
0.3485385612 0.0000000000 0.3485393172
0.4802331511 0.0000000000 0.4802324047
0.2625742634 0.0000000000 0.2625742634
0.4534844377 0.0000000000 0.4534844377
0.5333854425 0.0000000000 0.5333854425
0.3127870059 0.0000000000 0.3127870059
0.1168966533 0.0000000000 0.1168966533
0.2124347346 0.0000000000 0.2124347346
0.5267239005 0.0000000000 0.5267227860
0.0521125547 0.0000000000 0.0521133336
0.5205888459 0.0000000000 0.5205888459
0.3948373890 0.0000000000 0.3948362601
0.3908062163 0.0000000000 0.3908062163
0.5219737341 0.0000000000 0.5219737341
0.5205888459 0.0000000000 0.5205888459
0.3398696640 0.0000000000 0.3398696640
0.0148593364 0.0000000000 0.0148593364
0.1130130702 0.0000000000 0.1130130702
0.1908159986 0.0000000000 0.1908159986
0.5175857546 0.0000000000 0.5175857546
0.4065807557 0.0000000000 0.4065807557
0.1360217318 0.0000000000 0.1360217318
0.5232781679 0.0000000000 0.5232792828
0.1054733504 0.0000000000 0.1054733504
0.4599066363 0.0000000000 0.4599066363
0.0917118721 0.0000000000 0.0917118721
0.0115613039 0.0000000000 0.0115613039
0.4599066363 0.0000000000 0.4599066363
0.2215261682 0.0000000000 0.2215261682
0.0325384139 0.0000000000 0.0325391944
0.3310346316 0.0000000000 0.3310346316
0.1322364579 0.0000000000 0.1322364579
0.3174220757 0.0000000000 0.3174228342
0.5267239005 0.0000000000 0.5267227860
0.1207609155 0.0000000000 0.1207609155
0.0268353410 0.0000000000 0.0268353410
0.4326103537 0.0000000000 0.4326103537
0.2579107194 0.0000000000 0.2579107194
0.5327903205 0.0000000000 0.5327903205
0.5219737341 0.0000000000 0.5219737341
0.0156623640 0.0000000000 0.0156623640
0.1441574782 0.0000000000 0.1441574782
0.4362554368 0.0000000000 0.4362554368
0.0088462575 0.0000000000 0.0088462575
0.4854182192 0.0000000000 0.4854182192
0.5327903205 0.0000000000 0.5327903205
0.0287485778 0.0000000000 0.0287485778
0.3783653398 0.0000000000 0.3783664706
0.2766954164 0.0000000000 0.2766954164
0.0473853794 0.0000000000 0.0473853794
0.1360217318 0.0000000000 0.1360217318
0.2766954164 0.0000000000 0.2766954164
0.0401889440 0.0000000000 0.0401889440
0.0123986264 0.0000000000 0.0123986264
0.1952008600 0.0000000000 0.1952008600
0.0099087400 0.0000000000 0.0099095223
0.1567219911 0.0000000000 0.1567231472
0.3611630432 0.0000000000 0.3611630432
0.5277138610 0.0000000000 0.5277138610
0.1322364579 0.0000000000 0.1322364579
0.2038792536 0.0000000000 0.2038792536
0.5302115549 0.0000000000 0.5302115549
0.5205888459 0.0000000000 0.5205899611
0.5256539671 0.0000000000 0.5256539671
0.0237893976 0.0000000000 0.0237893976
0.3570062444 0.0000000000 0.3570062444
0.5232781679 0.0000000000 0.5232792828
0.0986233150 0.0000000000 0.0986240903
0.2859020566 0.0000000000 0.2859009154
0.2534820011 0.0000000000 0.2534808561
0.1284304086 0.0000000000 0.1284304086
0.5219737341 0.0000000000 0.5219737341
0.1091109178 0.0000000000 0.1091109178
0.1284311815 0.0000000000 0.1284311815
0.4362554368 0.0000000000 0.4362565612
0.5232792828 0.0000000000 0.5232781679
0.3485393172 0.0000000000 0.3485385612
0.4433469379 0.0000000000 0.4433469379
0.5294580395 0.0000000000 0.5294580395
0.0690717122 0.0000000000 0.0690728786
0.1020564850 0.0000000000 0.1020564850
0.0132272742 0.0000000000 0.0132272742
0.5334251656 0.0000000000 0.5334251656
0.5232781679 0.0000000000 0.5232792828
0.0720872765 0.0000000000 0.0720872765
0.3570069999 0.0000000000 0.3570062444
0.2949379660 0.0000000000 0.2949379660
0.1774836543 0.0000000000 0.1774836543
0.0986233150 0.0000000000 0.0986240903
0.0381383106 0.0000000000 0.0381383106
0.0224389429 0.0000000000 0.0224401149
0.5330676524 0.0000000000 0.5330676524
0.1908159986 0.0000000000 0.1908159986
0.0148593364 0.0000000000 0.0148593364
0.4534844377 0.0000000000 0.4534844377
0.5205888459 0.0000000000 0.5205888459
0.1322364579 0.0000000000 0.1322364579
0.0079659837 0.0000000000 0.0079659837
0.2579107194 0.0000000000 0.2579107194
0.3654136186 0.0000000000 0.3654147509
0.1952008600 0.0000000000 0.1952008600
0.5142697341 0.0000000000 0.5142697341
0.4660557392 0.0000000000 0.4660557392
0.0401889440 0.0000000000 0.0401897239
0.3354739355 0.0000000000 0.3354739355
0.1054733504 0.0000000000 0.1054733504
0.4214142885 0.0000000000 0.4214142885
0.0882327913 0.0000000000 0.0882339555
0.0099095223 0.0000000000 0.0099095223
0.5286253575 0.0000000000 0.5286246147
0.1399213643 0.0000000000 0.1399213643
0.4065800039 0.0000000000 0.4065807557
0.5302115549 0.0000000000 0.5302115549
0.3611630432 0.0000000000 0.3611630432
0.0085610575 0.0000000000 0.0085610575
0.1731309700 0.0000000000 0.1731309700
0.2766954164 0.0000000000 0.2766954164
0.4802331511 0.0000000000 0.4802324047
0.1441574782 0.0000000000 0.1441574782
0.5002165330 0.0000000000 0.5002165330
0.5314796681 0.0000000000 0.5314796681
0.0951757623 0.0000000000 0.0951757623
0.4398355238 0.0000000000 0.4398355238
0.0951757623 0.0000000000 0.0951757623
0.1322356852 0.0000000000 0.1322364579
0.1246051063 0.0000000000 0.1246051063
0.1908159986 0.0000000000 0.1908159986
0.1322364579 0.0000000000 0.1322376169
0.2215261682 0.0000000000 0.2215261682
0.2859009154 0.0000000000 0.2859009154
0.0197132447 0.0000000000 0.0197132447
0.2261497141 0.0000000000 0.2261497141
0.5334251656 0.0000000000 0.5334251656
0.0780810543 0.0000000000 0.0780810543
0.0096548657 0.0000000000 0.0096560393
0.2215261682 0.0000000000 0.2215261682
0.2354022306 0.0000000000 0.2354010836
0.3654136186 0.0000000000 0.3654147509
0.4979000251 0.0000000000 0.4979000251
0.0123986264 0.0000000000 0.0123986264
0.3127870059 0.0000000000 0.3127881441
0.5302115549 0.0000000000 0.5302115549
0.3310346316 0.0000000000 0.3310346316
0.0085610575 0.0000000000 0.0085610575
0.0780810543 0.0000000000 0.0780810543
0.4501733870 0.0000000000 0.4501733870
0.0750894800 0.0000000000 0.0750894800
0.2813197741 0.0000000000 0.2813197741
0.4955073519 0.0000000000 0.4955073519
0.2949379660 0.0000000000 0.2949379660
0.0132272742 0.0000000000 0.0132272742
0.0325391944 0.0000000000 0.0325391944
0.2081728654 0.0000000000 0.2081728654
0.5333854425 0.0000000000 0.5333854425
0.0091236251 0.0000000000 0.0091236251
0.1774836543 0.0000000000 0.1774836543
0.0088454751 0.0000000000 0.0088462575
0.3265467694 0.0000000000 0.3265467694
0.5332670149 0.0000000000 0.5332670149
0.0882327913 0.0000000000 0.0882339555
0.1908159986 0.0000000000 0.1908159986
0.0497558752 0.0000000000 0.0497558752
0.3310346316 0.0000000000 0.3310346316
0.5302115549 0.0000000000 0.5302115549
0.2673225285 0.0000000000 0.2673217663
0.4177924164 0.0000000000 0.4177924164
0.1322356852 0.0000000000 0.1322364579
0.4362554368 0.0000000000 0.4362554368
0.1483697931 0.0000000000 0.1483697931
0.5302115549 0.0000000000 0.5302115549
0.5267227860 0.0000000000 0.5267227860
0.0156623640 0.0000000000 0.0156623640
0.0096560393 0.0000000000 0.0096548657
0.0951757623 0.0000000000 0.0951757623
0.5245055223 0.0000000000 0.5245055223
0.5324335277 0.0000000000 0.5324324139
0.1020564850 0.0000000000 0.1020564850
0.2766954164 0.0000000000 0.2766954164
0.5024558102 0.0000000000 0.5024558102
0.3265467694 0.0000000000 0.3265467694
0.4398343998 0.0000000000 0.4398343998
0.0362834781 0.0000000000 0.0362842583
0.2904415613 0.0000000000 0.2904415613
0.4879064763 0.0000000000 0.4879064763
0.1091109178 0.0000000000 0.1091109178
0.0251283393 0.0000000000 0.0251283393
0.5142697341 0.0000000000 0.5142697341
0.0287485778 0.0000000000 0.0287485778
0.1322356852 0.0000000000 0.1322364579
0.3354731784 0.0000000000 0.3354731784
0.3908062163 0.0000000000 0.3908062163
0.5142697341 0.0000000000 0.5142697341
0.4775351146 0.0000000000 0.4775351146
0.1284311815 0.0000000000 0.1284311815
0.0082672419 0.0000000000 0.0082672419
0.5332670149 0.0000000000 0.5332659011
0.1567231472 0.0000000000 0.1567231472
0.3442298165 0.0000000000 0.3442298165
0.4828595910 0.0000000000 0.4828607102
0.2949379660 0.0000000000 0.2949379660
0.4027242146 0.0000000000 0.4027242146
0.2720289253 0.0000000000 0.2720289253
0.0569410024 0.0000000000 0.0569410024
0.0088462575 0.0000000000 0.0088462575
0.3527974754 0.0000000000 0.3527974754
0.5302115549 0.0000000000 0.5302115549
0.1864003842 0.0000000000 0.1864003842
0.4177924164 0.0000000000 0.4177924164
0.5232781679 0.0000000000 0.5232792828
0.1483697931 0.0000000000 0.1483697931
0.0951757623 0.0000000000 0.0951757623
0.5191268168 0.0000000000 0.5191268168
0.5106419691 0.0000000000 0.5106419691
0.4251230422 0.0000000000 0.4251241678
0.3485385612 0.0000000000 0.3485385612
0.1483697931 0.0000000000 0.1483697931
0.1322356852 0.0000000000 0.1322364579
0.0148593364 0.0000000000 0.0148593364
0.2813197741 0.0000000000 0.2813197741
0.0088454751 0.0000000000 0.0088462575
0.1567231472 0.0000000000 0.1567231472
0.5205888459 0.0000000000 0.5205888459
0.2625742634 0.0000000000 0.2625742634
0.0085610575 0.0000000000 0.0085610575
0.0812328768 0.0000000000 0.0812328768
0.1130130702 0.0000000000 0.1130130702
0.5106419691 0.0000000000 0.5106419691
0.4214142885 0.0000000000 0.4214142885
0.1525583393 0.0000000000 0.1525583393
0.0237893976 0.0000000000 0.0237893976
0.5294580395 0.0000000000 0.5294580395
0.0426017293 0.0000000000 0.0426017293
0.3127870059 0.0000000000 0.3127870059
0.1774836543 0.0000000000 0.1774836543
0.3697880325 0.0000000000 0.3697880325
0.4567289576 0.0000000000 0.4567297057
0.0986240903 0.0000000000 0.0986240903
0.4879064763 0.0000000000 0.4879064763
0.3354731784 0.0000000000 0.3354731784
0.2399757836 0.0000000000 0.2399750193
0.3741054999 0.0000000000 0.3741043686
0.0148593364 0.0000000000 0.0148593364
0.5302115549 0.0000000000 0.5302115549
0.5245055223 0.0000000000 0.5245055223
0.2168989436 0.0000000000 0.2168989436
0.1995553929 0.0000000000 0.1995553929
0.0237886164 0.0000000000 0.0237893976
0.4177924164 0.0000000000 0.4177924164
0.4214142885 0.0000000000 0.4214142885
0.2399757836 0.0000000000 0.2399750193
0.2307921545 0.0000000000 0.2307921545
0.0986233150 0.0000000000 0.0986240903
0.3908050869 0.0000000000 0.3908050869
0.3038024661 0.0000000000 0.3038036053
0.4501733870 0.0000000000 0.4501733870
0.4660568602 0.0000000000 0.4660557392
0.1168966533 0.0000000000 0.1168966533
0.0362834781 0.0000000000 0.0362842583
0.1207609155 0.0000000000 0.1207609155
0.2261497141 0.0000000000 0.2261497141
0.2307921545 0.0000000000 0.2307921545
0.4141140390 0.0000000000 0.4141140390
0.5232781679 0.0000000000 0.5232792828
0.4979000251 0.0000000000 0.4979007702
0.2625742634 0.0000000000 0.2625742634
0.2720289253 0.0000000000 0.2720289253
0.5106419691 0.0000000000 0.5106419691
0.5327903205 0.0000000000 0.5327903205
0.0951757623 0.0000000000 0.0951757623
0.4326103537 0.0000000000 0.4326103537
0.5191268168 0.0000000000 0.5191268168
0.5191268168 0.0000000000 0.5191268168
0.4879064763 0.0000000000 0.4879064763
0.1207609155 0.0000000000 0.1207609155
0.2993917086 0.0000000000 0.2993917086
0.0210808776 0.0000000000 0.0210808776
0.4775351146 0.0000000000 0.4775351146
0.0325384139 0.0000000000 0.0325391944
0.0473853794 0.0000000000 0.0473853794
0.3127870059 0.0000000000 0.3127870059
0.3265467694 0.0000000000 0.3265467694
0.1567219911 0.0000000000 0.1567231472
0.2534808561 0.0000000000 0.2534808561
0.4802324047 0.0000000000 0.4802324047
0.5159674831 0.0000000000 0.5159674831
0.0237886164 0.0000000000 0.0237893976
0.4214142885 0.0000000000 0.4214142885
0.0156623640 0.0000000000 0.0156623640
0.0690728786 0.0000000000 0.0690717122
0.0096560393 0.0000000000 0.0096548657
0.4326103537 0.0000000000 0.4326103537
0.4802324047 0.0000000000 0.4802324047
0.2993917086 0.0000000000 0.2993917086
0.3825691320 0.0000000000 0.3825691320
0.2625742634 0.0000000000 0.2625742634
0.1774836543 0.0000000000 0.1774836543
0.3398696640 0.0000000000 0.3398696640
0.1864003842 0.0000000000 0.1864003842
0.4828595910 0.0000000000 0.4828595910
0.2261497141 0.0000000000 0.2261485661
0.4775351146 0.0000000000 0.4775351146
0.5286253575 0.0000000000 0.5286246147
0.5142697341 0.0000000000 0.5142697341
0.2904415613 0.0000000000 0.2904404206
0.4398355238 0.0000000000 0.4398355238
0.5314796681 0.0000000000 0.5314796681
0.0690728786 0.0000000000 0.0690717122
0.0951757623 0.0000000000 0.0951757623
0.4879064763 0.0000000000 0.4879064763
0.2625742634 0.0000000000 0.2625742634
0.3741043686 0.0000000000 0.3741054999
0.2766954164 0.0000000000 0.2766954164
0.0148593364 0.0000000000 0.0148593364
0.3527974754 0.0000000000 0.3527974754
0.0287485778 0.0000000000 0.0287485778
0.4288987043 0.0000000000 0.4288998295
0.4719333600 0.0000000000 0.4719333600
0.1399221363 0.0000000000 0.1399221363
0.3697872780 0.0000000000 0.3697880325
0.2579107194 0.0000000000 0.2579107194
0.4398355238 0.0000000000 0.4398355238
0.4979007702 0.0000000000 0.4979000251
0.1908159986 0.0000000000 0.1908159986
0.2720289253 0.0000000000 0.2720289253
0.3948373890 0.0000000000 0.3948373890
0.4398343998 0.0000000000 0.4398355238
0.2813186323 0.0000000000 0.2813197741
0.2490158112 0.0000000000 0.2490146658
0.4828595910 0.0000000000 0.4828595910
0.0082672419 0.0000000000 0.0082672419
0.5106419691 0.0000000000 0.5106419691
0.1952008600 0.0000000000 0.1952008600
0.4326103537 0.0000000000 0.4326103537
0.5319968945 0.0000000000 0.5319968945
0.1130130702 0.0000000000 0.1130130702
0.0660466643 0.0000000000 0.0660466643
0.0660466643 0.0000000000 0.0660466643
0.4660557392 0.0000000000 0.4660557392
0.4775351146 0.0000000000 0.4775351146
0.4065800039 0.0000000000 0.4065807557
0.2399757836 0.0000000000 0.2399750193
0.0426017293 0.0000000000 0.0426017293
0.3265467694 0.0000000000 0.3265456328
0.0306493395 0.0000000000 0.0306501202
0.0268353410 0.0000000000 0.0268353410
0.5330676524 0.0000000000 0.5330676524
0.0325391944 0.0000000000 0.0325391944
0.3741043686 0.0000000000 0.3741054999
0.0521133336 0.0000000000 0.0521125547
0.5277138610 0.0000000000 0.5277138610
0.0132272742 0.0000000000 0.0132272742
0.3485385612 0.0000000000 0.3485385612
0.3220091468 0.0000000000 0.3220091468
0.0268353410 0.0000000000 0.0268353410
0.0268353410 0.0000000000 0.0268353410
0.2307921545 0.0000000000 0.2307921545
0.3174220757 0.0000000000 0.3174220757
0.1864015369 0.0000000000 0.1864015369
0.5024558102 0.0000000000 0.5024558102
0.2261485661 0.0000000000 0.2261497141
0.1690665859 0.0000000000 0.1690665859
0.4027242146 0.0000000000 0.4027242146
0.2579107194 0.0000000000 0.2579107194
0.2490146658 0.0000000000 0.2490158112
0.0099095223 0.0000000000 0.0099095223
0.0847404448 0.0000000000 0.0847404448
0.2534820011 0.0000000000 0.2534820011
0.5002165330 0.0000000000 0.5002165330
0.1690665859 0.0000000000 0.1690665859
0.0882339555 0.0000000000 0.0882339555
0.4251230422 0.0000000000 0.4251230422
0.4027242146 0.0000000000 0.4027242146
0.0780810543 0.0000000000 0.0780810543
0.0237886164 0.0000000000 0.0237893976
0.2261497141 0.0000000000 0.2261485661
0.5142697341 0.0000000000 0.5142697341
0.5308855496 0.0000000000 0.5308855496
0.4362554368 0.0000000000 0.4362554368
0.1690665859 0.0000000000 0.1690665859
0.2261497141 0.0000000000 0.2261485661
0.5205888459 0.0000000000 0.5205888459
0.5327903205 0.0000000000 0.5327903205
0.5219737341 0.0000000000 0.5219737341
0.4854182192 0.0000000000 0.4854182192
0.2993917086 0.0000000000 0.2993917086
0.5087118709 0.0000000000 0.5087118709
0.3265456328 0.0000000000 0.3265467694
0.0720872765 0.0000000000 0.0720872765
0.0986233150 0.0000000000 0.0986240903
0.4979000251 0.0000000000 0.4979000251
0.2904415613 0.0000000000 0.2904404206
0.3570062444 0.0000000000 0.3570062444
0.2579107194 0.0000000000 0.2579107194
0.2038792536 0.0000000000 0.2038792536
0.4103764647 0.0000000000 0.4103764647
0.1130130702 0.0000000000 0.1130130702
0.2720289253 0.0000000000 0.2720289253
0.2124339682 0.0000000000 0.2124339682
0.4326103537 0.0000000000 0.4326103537
0.0237886164 0.0000000000 0.0237893976
0.4930373417 0.0000000000 0.4930373417
0.1020564850 0.0000000000 0.1020564850
0.1399213643 0.0000000000 0.1399213643
0.3741054999 0.0000000000 0.3741043686
0.1091109178 0.0000000000 0.1091109178
0.5286253575 0.0000000000 0.5286253575
0.0720872765 0.0000000000 0.0720872765
0.2490158112 0.0000000000 0.2490146658
0.4955073519 0.0000000000 0.4955073519
0.2579107194 0.0000000000 0.2579107194
0.3908050869 0.0000000000 0.3908050869
0.1360217318 0.0000000000 0.1360217318
0.5245055223 0.0000000000 0.5245055223
0.2399757836 0.0000000000 0.2399750193
0.1567231472 0.0000000000 0.1567231472
0.1091109178 0.0000000000 0.1091109178
0.4979000251 0.0000000000 0.4979000251
0.1399213643 0.0000000000 0.1399213643
0.2490146658 0.0000000000 0.2490158112
0.4433480615 0.0000000000 0.4433469379
0.2766954164 0.0000000000 0.2766954164
0.5319968945 0.0000000000 0.5319968945
0.2445136276 0.0000000000 0.2445136276
0.3485385612 0.0000000000 0.3485385612
0.1054733504 0.0000000000 0.1054733504
0.3354739355 0.0000000000 0.3354739355
0.0847404448 0.0000000000 0.0847404448
0.5159674831 0.0000000000 0.5159674831
0.5277138610 0.0000000000 0.5277138610
0.4690295291 0.0000000000 0.4690284083
0.5267227860 0.0000000000 0.5267227860
0.4467934941 0.0000000000 0.4467934941
0.5191268168 0.0000000000 0.5191268168
0.0085610575 0.0000000000 0.0085610575
0.4904910571 0.0000000000 0.4904918027
0.1130130702 0.0000000000 0.1130130702
0.1525583393 0.0000000000 0.1525583393
0.0986233150 0.0000000000 0.0986240903
0.5124950722 0.0000000000 0.5124950722
0.2354022306 0.0000000000 0.2354022306
0.3570069999 0.0000000000 0.3570062444
0.1130130702 0.0000000000 0.1130130702
0.3265467694 0.0000000000 0.3265456328
0.2720289253 0.0000000000 0.2720289253
0.1360217318 0.0000000000 0.1360217318
0.2949379660 0.0000000000 0.2949379660
0.0251283393 0.0000000000 0.0251283393
0.5024558102 0.0000000000 0.5024558102
0.4775351146 0.0000000000 0.4775351146
0.1819562822 0.0000000000 0.1819570510
0.1168966533 0.0000000000 0.1168966533
0.0287485778 0.0000000000 0.0287485778
0.2261497141 0.0000000000 0.2261497141
0.4467934941 0.0000000000 0.4467934941
0.5333854425 0.0000000000 0.5333854425
0.4719333600 0.0000000000 0.4719333600
0.4398343998 0.0000000000 0.4398355238
0.3988105338 0.0000000000 0.3988105338
0.0115613039 0.0000000000 0.0115613039
0.0156623640 0.0000000000 0.0156623640
0.1908159986 0.0000000000 0.1908159986
0.4955073519 0.0000000000 0.4955073519
0.0115613039 0.0000000000 0.0115613039
0.2949379660 0.0000000000 0.2949379660
0.4362554368 0.0000000000 0.4362554368
0.3174220757 0.0000000000 0.3174220757
0.0473853794 0.0000000000 0.0473853794
0.5046186518 0.0000000000 0.5046186518
0.4828607102 0.0000000000 0.4828595910
0.2720289253 0.0000000000 0.2720289253
0.0224401149 0.0000000000 0.0224401149
0.1525583393 0.0000000000 0.1525583393
0.5324324139 0.0000000000 0.5324324139
0.4567297057 0.0000000000 0.4567289576
0.0362834781 0.0000000000 0.0362842583
0.5232781679 0.0000000000 0.5232792828
0.0079659837 0.0000000000 0.0079659837
0.0812328768 0.0000000000 0.0812328768
0.0599622445 0.0000000000 0.0599622445
0.0401889440 0.0000000000 0.0401897239
0.5159674831 0.0000000000 0.5159674831
0.0107164778 0.0000000000 0.0107164778
0.0544558172 0.0000000000 0.0544558172
0.2354022306 0.0000000000 0.2354010836
0.0156623640 0.0000000000 0.0156623640
0.3570062444 0.0000000000 0.3570069999
0.5256539671 0.0000000000 0.5256539671
0.2215261682 0.0000000000 0.2215261682
0.4567289576 0.0000000000 0.4567297057
0.3527974754 0.0000000000 0.3527974754
0.3741054999 0.0000000000 0.3741043686
0.5245055223 0.0000000000 0.5245055223
0.2859020566 0.0000000000 0.2859009154
0.1020564850 0.0000000000 0.1020564850
0.4326103537 0.0000000000 0.4326103537
0.5002165330 0.0000000000 0.5002165330
0.0847404448 0.0000000000 0.0847404448
0.1525583393 0.0000000000 0.1525583393
0.2766954164 0.0000000000 0.2766954164
0.0148593364 0.0000000000 0.0148593364
0.4904910571 0.0000000000 0.4904918027
0.5330676524 0.0000000000 0.5330676524
0.2993917086 0.0000000000 0.2993928483
0.4879064763 0.0000000000 0.4879064763
0.1952008600 0.0000000000 0.1952008600
0.2081728654 0.0000000000 0.2081728654
0.5277138610 0.0000000000 0.5277138610
0.5002165330 0.0000000000 0.5002165330
0.0251275582 0.0000000000 0.0251283393
0.4065800039 0.0000000000 0.4065800039
0.3354731784 0.0000000000 0.3354731784
0.5332659011 0.0000000000 0.5332659011
0.2445136276 0.0000000000 0.2445136276
0.0148593364 0.0000000000 0.0148593364
0.0630101786 0.0000000000 0.0630101786
0.3081695359 0.0000000000 0.3081695359
0.4214142885 0.0000000000 0.4214142885
0.5327903205 0.0000000000 0.5327903205
0.5332659011 0.0000000000 0.5332670149
0.3527974754 0.0000000000 0.3527986090
0.0224408963 0.0000000000 0.0224401149
0.0986240903 0.0000000000 0.0986240903
0.4747687850 0.0000000000 0.4747687850
0.0156623640 0.0000000000 0.0156623640
0.3310346316 0.0000000000 0.3310346316
0.3354731784 0.0000000000 0.3354731784
0.5219737341 0.0000000000 0.5219737341
0.2354022306 0.0000000000 0.2354022306
0.3948373890 0.0000000000 0.3948373890
0.0237893976 0.0000000000 0.0237893976
0.0093927698 0.0000000000 0.0093927698
0.5324324139 0.0000000000 0.5324335277
0.3654147509 0.0000000000 0.3654147509
0.3783653398 0.0000000000 0.3783653398
0.5046186518 0.0000000000 0.5046186518
0.2766954164 0.0000000000 0.2766954164
0.5277138610 0.0000000000 0.5277138610
0.1322376169 0.0000000000 0.1322376169
0.0287485778 0.0000000000 0.0287485778
0.0325384139 0.0000000000 0.0325391944
0.2720289253 0.0000000000 0.2720289253
0.3908062163 0.0000000000 0.3908062163
0.5333854425 0.0000000000 0.5333854425
0.1819562822 0.0000000000 0.1819570510
0.5277138610 0.0000000000 0.5277138610
0.2215261682 0.0000000000 0.2215261682
0.5205888459 0.0000000000 0.5205888459
0.0544546490 0.0000000000 0.0544546490
0.2445136276 0.0000000000 0.2445136276
0.3948373890 0.0000000000 0.3948373890
0.5333854425 0.0000000000 0.5333854425
0.2399757836 0.0000000000 0.2399750193
0.0660466643 0.0000000000 0.0660466643
0.0197124631 0.0000000000 0.0197132447
0.4467934941 0.0000000000 0.4467934941
0.0325391944 0.0000000000 0.0325391944
0.1819562822 0.0000000000 0.1819562822
0.3081695359 0.0000000000 0.3081695359
0.4599066363 0.0000000000 0.4599066363
0.4660557392 0.0000000000 0.4660557392
0.3485385612 0.0000000000 0.3485393172
0.1819562822 0.0000000000 0.1819562822
0.2215261682 0.0000000000 0.2215261682
0.0986240903 0.0000000000 0.0986240903
0.4141147902 0.0000000000 0.4141140390
0.2904415613 0.0000000000 0.2904404206
0.5046186518 0.0000000000 0.5046186518
0.2904415613 0.0000000000 0.2904404206
0.0426017293 0.0000000000 0.0426017293
0.3081695359 0.0000000000 0.3081695359
0.5159674831 0.0000000000 0.5159674831
0.2445136276 0.0000000000 0.2445136276
0.0720872765 0.0000000000 0.0720872765
0.3354731784 0.0000000000 0.3354731784
0.1441574782 0.0000000000 0.1441563206
0.1690665859 0.0000000000 0.1690665859
0.0381383106 0.0000000000 0.0381383106
0.3127870059 0.0000000000 0.3127870059
0.2261485661 0.0000000000 0.2261497141
0.0287485778 0.0000000000 0.0287485778
0.0140476405 0.0000000000 0.0140476405
0.3948373890 0.0000000000 0.3948373890
0.2124339682 0.0000000000 0.2124339682
0.4719333600 0.0000000000 0.4719322395
0.4326103537 0.0000000000 0.4326103537
0.0847404448 0.0000000000 0.0847404448
0.0251283393 0.0000000000 0.0251283393
0.5142697341 0.0000000000 0.5142697341
0.1649770465 0.0000000000 0.1649770465
0.5232792828 0.0000000000 0.5232781679
0.3825702623 0.0000000000 0.3825702623
0.1819562822 0.0000000000 0.1819570510
0.1360217318 0.0000000000 0.1360217318
0.1483697931 0.0000000000 0.1483697931
0.2859020566 0.0000000000 0.2859009154
0.3741054999 0.0000000000 0.3741043686
0.3038036053 0.0000000000 0.3038036053
0.2081728654 0.0000000000 0.2081728654
0.1020564850 0.0000000000 0.1020564850
0.4567289576 0.0000000000 0.4567297057
0.0720872765 0.0000000000 0.0720872765
0.5314796681 0.0000000000 0.5314807820
0.0169469145 0.0000000000 0.0169469145
0.5319957806 0.0000000000 0.5319968945
0.5330676524 0.0000000000 0.5330676524
0.4828595910 0.0000000000 0.4828595910
0.2625742634 0.0000000000 0.2625742634
0.0306493395 0.0000000000 0.0306493395
0.0690717122 0.0000000000 0.0690728786
0.0690728786 0.0000000000 0.0690728786
0.2673217663 0.0000000000 0.2673217663
0.5219737341 0.0000000000 0.5219737341
0.4690295291 0.0000000000 0.4690295291
0.1567219911 0.0000000000 0.1567231472
0.0720872765 0.0000000000 0.0720872765
0.1207609155 0.0000000000 0.1207609155
0.0497558752 0.0000000000 0.0497558752
0.4599066363 0.0000000000 0.4599066363
0.3265467694 0.0000000000 0.3265456328
0.0088462575 0.0000000000 0.0088462575
0.3867169464 0.0000000000 0.3867169464
0.3398685289 0.0000000000 0.3398685289
0.0237893976 0.0000000000 0.0237893976
0.5332670149 0.0000000000 0.5332659011
0.1525583393 0.0000000000 0.1525583393
0.4398355238 0.0000000000 0.4398355238
0.0630094005 0.0000000000 0.0630101786
0.1567219911 0.0000000000 0.1567231472
0.5286253575 0.0000000000 0.5286253575
0.0401889440 0.0000000000 0.0401889440
0.5256539671 0.0000000000 0.5256539671
0.4660557392 0.0000000000 0.4660557392
0.1168966533 0.0000000000 0.1168966533
0.0344169782 0.0000000000 0.0344169782
0.5024565549 0.0000000000 0.5024558102
0.3174220757 0.0000000000 0.3174220757
0.5332659011 0.0000000000 0.5332670149
0.0381383106 0.0000000000 0.0381383106
0.1483697931 0.0000000000 0.1483697931
0.0093927698 0.0000000000 0.0093935522
0.0812328768 0.0000000000 0.0812328768
0.2490146658 0.0000000000 0.2490158112
0.0690728786 0.0000000000 0.0690728786
0.2766954164 0.0000000000 0.2766954164
0.2673225285 0.0000000000 0.2673217663
0.3485385612 0.0000000000 0.3485385612
0.2354010836 0.0000000000 0.2354010836
0.1399213643 0.0000000000 0.1399213643
0.0091236251 0.0000000000 0.0091236251
0.4027242146 0.0000000000 0.4027242146
0.4879064763 0.0000000000 0.4879064763
0.0224401149 0.0000000000 0.0224408963
0.5219737341 0.0000000000 0.5219737341
0.0210808776 0.0000000000 0.0210808776
0.1091109178 0.0000000000 0.1091109178
0.1168966533 0.0000000000 0.1168966533
0.0085610575 0.0000000000 0.0085610575
0.0123986264 0.0000000000 0.0123986264
0.0251283393 0.0000000000 0.0251283393
0.1284304086 0.0000000000 0.1284304086
0.3988105338 0.0000000000 0.3988105338
0.0091236251 0.0000000000 0.0091236251
0.1995553929 0.0000000000 0.1995553929
0.5302115549 0.0000000000 0.5302115549
0.2949379660 0.0000000000 0.2949379660
0.3081695359 0.0000000000 0.3081695359
0.3265467694 0.0000000000 0.3265456328
0.0690728786 0.0000000000 0.0690717122
0.5334251656 0.0000000000 0.5334251656
0.2813197741 0.0000000000 0.2813197741
0.0123986264 0.0000000000 0.0123986264
0.1819562822 0.0000000000 0.1819562822
0.2579107194 0.0000000000 0.2579107194
0.2124347346 0.0000000000 0.2124339682
0.5314796681 0.0000000000 0.5314796681
0.5319968945 0.0000000000 0.5319968945
0.3741054999 0.0000000000 0.3741043686
0.0569402238 0.0000000000 0.0569410024
0.5314796681 0.0000000000 0.5314796681
0.2445136276 0.0000000000 0.2445136276
0.0986240903 0.0000000000 0.0986240903
0.1649770465 0.0000000000 0.1649770465
0.4660557392 0.0000000000 0.4660557392
0.2625742634 0.0000000000 0.2625742634
0.5191268168 0.0000000000 0.5191268168
0.4660557392 0.0000000000 0.4660557392
0.5332670149 0.0000000000 0.5332659011
0.2720289253 0.0000000000 0.2720289253
0.0917118721 0.0000000000 0.0917118721
0.5314796681 0.0000000000 0.5314796681
0.1168966533 0.0000000000 0.1168966533
0.3867169464 0.0000000000 0.3867169464
0.5002165330 0.0000000000 0.5002165330
0.1952008600 0.0000000000 0.1952008600
0.5267239005 0.0000000000 0.5267227860
0.0085610575 0.0000000000 0.0085610575
0.5302115549 0.0000000000 0.5302115549
0.0720872765 0.0000000000 0.0720872765
0.2579107194 0.0000000000 0.2579107194
0.1207609155 0.0000000000 0.1207609155
0.1567219911 0.0000000000 0.1567231472
0.3741043686 0.0000000000 0.3741054999
0.2307921545 0.0000000000 0.2307921545
0.1608619353 0.0000000000 0.1608630909
0.1130130702 0.0000000000 0.1130130702
0.4854182192 0.0000000000 0.4854182192
0.1908159986 0.0000000000 0.1908159986
0.0812328768 0.0000000000 0.0812328768
0.0132272742 0.0000000000 0.0132264921
0.0344169782 0.0000000000 0.0344169782
0.5330676524 0.0000000000 0.5330676524
0.5245055223 0.0000000000 0.5245055223
0.0986233150 0.0000000000 0.0986240903
0.2673225285 0.0000000000 0.2673217663
0.0096548657 0.0000000000 0.0096560393
0.2766942741 0.0000000000 0.2766954164
0.2993917086 0.0000000000 0.2993917086
0.3265467694 0.0000000000 0.3265456328
0.3310346316 0.0000000000 0.3310346316
0.4979000251 0.0000000000 0.4979000251
0.5330676524 0.0000000000 0.5330676524
0.4567297057 0.0000000000 0.4567289576
0.2813186323 0.0000000000 0.2813197741
0.5277138610 0.0000000000 0.5277138610
0.2673225285 0.0000000000 0.2673217663
0.3908062163 0.0000000000 0.3908062163
0.5106419691 0.0000000000 0.5106419691
0.0473853794 0.0000000000 0.0473853794
0.0690728786 0.0000000000 0.0690728786
0.1995553929 0.0000000000 0.1995553929
0.4214142885 0.0000000000 0.4214142885
0.4534844377 0.0000000000 0.4534844377
0.5333854425 0.0000000000 0.5333854425
0.0132272742 0.0000000000 0.0132264921
0.0210808776 0.0000000000 0.0210808776
0.0091236251 0.0000000000 0.0091236251
0.1649770465 0.0000000000 0.1649770465
0.2993917086 0.0000000000 0.2993917086
0.3081695359 0.0000000000 0.3081695359
0.0140476405 0.0000000000 0.0140464675
0.0197124631 0.0000000000 0.0197132447
0.0344169782 0.0000000000 0.0344169782
0.5205888459 0.0000000000 0.5205899611
0.2625742634 0.0000000000 0.2625742634
0.4027242146 0.0000000000 0.4027242146
0.5319968945 0.0000000000 0.5319968945
0.5124950722 0.0000000000 0.5124950722
0.1322376169 0.0000000000 0.1322376169
0.1483697931 0.0000000000 0.1483697931
0.1284304086 0.0000000000 0.1284304086
0.0224389429 0.0000000000 0.0224401149
0.5067032452 0.0000000000 0.5067043618
0.0917118721 0.0000000000 0.0917118721
0.1690665859 0.0000000000 0.1690665859
0.0599622445 0.0000000000 0.0599622445
0.3127870059 0.0000000000 0.3127870059
0.0362842583 0.0000000000 0.0362834781
0.3697872780 0.0000000000 0.3697880325
0.3038036053 0.0000000000 0.3038036053
0.2859020566 0.0000000000 0.2859009154
0.4027242146 0.0000000000 0.4027242146
0.3442286819 0.0000000000 0.3442298165
0.3527974754 0.0000000000 0.3527974754
0.1284311815 0.0000000000 0.1284311815
0.3570062444 0.0000000000 0.3570062444
0.4828595910 0.0000000000 0.4828607102
0.2354022306 0.0000000000 0.2354022306
0.0287485778 0.0000000000 0.0287485778
0.2307921545 0.0000000000 0.2307921545
0.0690717122 0.0000000000 0.0690728786
0.0882339555 0.0000000000 0.0882339555
0.0079659837 0.0000000000 0.0079659837
0.4660557392 0.0000000000 0.4660557392
0.1525583393 0.0000000000 0.1525583393
0.5232781679 0.0000000000 0.5232792828
0.0210808776 0.0000000000 0.0210808776
0.4398355238 0.0000000000 0.4398355238
0.0690728786 0.0000000000 0.0690728786
0.4904918027 0.0000000000 0.4904918027
0.0690728786 0.0000000000 0.0690728786
0.1995553929 0.0000000000 0.1995553929
0.4719322395 0.0000000000 0.4719322395
0.1168966533 0.0000000000 0.1168966533
0.4775351146 0.0000000000 0.4775351146
0.1864015369 0.0000000000 0.1864015369
0.4660557392 0.0000000000 0.4660557392
0.1995553929 0.0000000000 0.1995553929
0.3220091468 0.0000000000 0.3220091468
0.5087118709 0.0000000000 0.5087118709
0.1567219911 0.0000000000 0.1567231472
0.0426017293 0.0000000000 0.0426017293
0.4690295291 0.0000000000 0.4690295291
0.5294580395 0.0000000000 0.5294580395
0.0183344768 0.0000000000 0.0183344768
0.4828595910 0.0000000000 0.4828595910
0.2993917086 0.0000000000 0.2993928483
0.2720289253 0.0000000000 0.2720289253
0.1690665859 0.0000000000 0.1690665859
0.1525583393 0.0000000000 0.1525583393
0.2720289253 0.0000000000 0.2720289253
0.4177924164 0.0000000000 0.4177924164
0.0951757623 0.0000000000 0.0951757623
0.1246051063 0.0000000000 0.1246051063
0.3783653398 0.0000000000 0.3783653398
0.5334251656 0.0000000000 0.5334251656
0.1819562822 0.0000000000 0.1819570510
0.1483697931 0.0000000000 0.1483697931
0.5333854425 0.0000000000 0.5333854425
0.0750894800 0.0000000000 0.0750894800
0.1690665859 0.0000000000 0.1690665859
0.2813197741 0.0000000000 0.2813186323
0.4398355238 0.0000000000 0.4398355238
0.5205888459 0.0000000000 0.5205888459
0.1864015369 0.0000000000 0.1864015369
0.5330687661 0.0000000000 0.5330676524
0.0148593364 0.0000000000 0.0148593364
0.1525583393 0.0000000000 0.1525583393
0.2038792536 0.0000000000 0.2038792536
0.5142697341 0.0000000000 0.5142697341
0.2168989436 0.0000000000 0.2168989436
0.5330676524 0.0000000000 0.5330676524
0.0951757623 0.0000000000 0.0951757623
0.2673225285 0.0000000000 0.2673217663
0.2813197741 0.0000000000 0.2813197741
0.3783664706 0.0000000000 0.3783653398
0.5232781679 0.0000000000 0.5232781679
0.4630156671 0.0000000000 0.4630156671
0.4690295291 0.0000000000 0.4690295291
0.0085610575 0.0000000000 0.0085610575
0.2307921545 0.0000000000 0.2307921545
0.2307921545 0.0000000000 0.2307921545
0.2081728654 0.0000000000 0.2081728654
0.3442286819 0.0000000000 0.3442298165
0.2261485661 0.0000000000 0.2261497141
0.2124347346 0.0000000000 0.2124347346
0.4065800039 0.0000000000 0.4065800039
0.1360217318 0.0000000000 0.1360217318
0.2399757836 0.0000000000 0.2399750193
0.4630156671 0.0000000000 0.4630156671
0.4802324047 0.0000000000 0.4802324047
0.4930373417 0.0000000000 0.4930373417
0.4719322395 0.0000000000 0.4719322395
0.1020564850 0.0000000000 0.1020564850
0.4103764647 0.0000000000 0.4103764647
0.4599066363 0.0000000000 0.4599066363
0.4567297057 0.0000000000 0.4567289576
0.5286253575 0.0000000000 0.5286246147
0.4065807557 0.0000000000 0.4065800039
0.4979000251 0.0000000000 0.4979000251
0.3220091468 0.0000000000 0.3220091468
0.3038036053 0.0000000000 0.3038036053
0.4879064763 0.0000000000 0.4879064763
0.4501733870 0.0000000000 0.4501733870
0.5302115549 0.0000000000 0.5302115549
0.5205888459 0.0000000000 0.5205888459
0.0085610575 0.0000000000 0.0085610575
0.2081728654 0.0000000000 0.2081728654
0.0690728786 0.0000000000 0.0690728786
0.0224401149 0.0000000000 0.0224401149
0.1483697931 0.0000000000 0.1483697931
0.0093927698 0.0000000000 0.0093927698
0.5308855496 0.0000000000 0.5308855496
0.1952008600 0.0000000000 0.1952008600
0.4567297057 0.0000000000 0.4567297057
0.0197124631 0.0000000000 0.0197132447
0.3265456328 0.0000000000 0.3265467694
0.1246051063 0.0000000000 0.1246051063
0.5232781679 0.0000000000 0.5232792828
0.1168966533 0.0000000000 0.1168966533
0.4214142885 0.0000000000 0.4214142885
0.4802331511 0.0000000000 0.4802324047
0.2904415613 0.0000000000 0.2904404206
0.4690295291 0.0000000000 0.4690284083
0.1130130702 0.0000000000 0.1130130702
0.0690717122 0.0000000000 0.0690728786
0.0099087400 0.0000000000 0.0099087400
0.3220091468 0.0000000000 0.3220091468
0.4747687850 0.0000000000 0.4747687850
0.2168989436 0.0000000000 0.2168989436
0.4288998295 0.0000000000 0.4288998295
0.1952008600 0.0000000000 0.1952008600
0.0344169782 0.0000000000 0.0344169782
0.0096548657 0.0000000000 0.0096560393
0.1360217318 0.0000000000 0.1360217318
0.0426017293 0.0000000000 0.0426017293
0.0882339555 0.0000000000 0.0882339555
0.4802331511 0.0000000000 0.4802324047
0.3127870059 0.0000000000 0.3127870059
0.0093935522 0.0000000000 0.0093935522
0.0085610575 0.0000000000 0.0085610575
0.1649770465 0.0000000000 0.1649770465
0.3174220757 0.0000000000 0.3174220757
0.4660557392 0.0000000000 0.4660557392
0.2813197741 0.0000000000 0.2813186323
0.3948373890 0.0000000000 0.3948362601
0.0123986264 0.0000000000 0.0123986264
0.3485385612 0.0000000000 0.3485385612
0.5314807820 0.0000000000 0.5314796681
0.0082672419 0.0000000000 0.0082672419
0.5219737341 0.0000000000 0.5219737341
0.5319957806 0.0000000000 0.5319968945
0.5106419691 0.0000000000 0.5106419691
0.5319968945 0.0000000000 0.5319968945
0.2993917086 0.0000000000 0.2993917086
0.5124950722 0.0000000000 0.5124950722
0.0169469145 0.0000000000 0.0169469145
0.0210808776 0.0000000000 0.0210808776
0.5330676524 0.0000000000 0.5330676524
0.5219737341 0.0000000000 0.5219737341
0.0812328768 0.0000000000 0.0812328768
0.0088462575 0.0000000000 0.0088462575
0.3174220757 0.0000000000 0.3174220757
0.0148593364 0.0000000000 0.0148593364
0.2859020566 0.0000000000 0.2859009154
0.2399750193 0.0000000000 0.2399750193
0.4103764647 0.0000000000 0.4103764647
0.1774836543 0.0000000000 0.1774836543
0.1399221363 0.0000000000 0.1399221363
0.4027242146 0.0000000000 0.4027242146
0.0197124631 0.0000000000 0.0197124631
0.1284304086 0.0000000000 0.1284304086
0.0882327913 0.0000000000 0.0882339555
0.4955073519 0.0000000000 0.4955073519
0.5277138610 0.0000000000 0.5277138610
0.5294580395 0.0000000000 0.5294580395
0.2261485661 0.0000000000 0.2261497141
0.4828595910 0.0000000000 0.4828595910
0.2813186323 0.0000000000 0.2813197741
0.4141140390 0.0000000000 0.4141140390
0.1020564850 0.0000000000 0.1020564850
0.2261497141 0.0000000000 0.2261497141
0.0132272742 0.0000000000 0.0132272742
0.1731309700 0.0000000000 0.1731309700
0.3442298165 0.0000000000 0.3442298165
0.4501733870 0.0000000000 0.4501733870
0.3354739355 0.0000000000 0.3354739355
0.4828595910 0.0000000000 0.4828595910
0.0107164778 0.0000000000 0.0107164778
0.5106419691 0.0000000000 0.5106419691
0.3174220757 0.0000000000 0.3174220757
0.0917118721 0.0000000000 0.0917118721
0.0093927698 0.0000000000 0.0093927698
0.0115613039 0.0000000000 0.0115613039
0.2813197741 0.0000000000 0.2813197741
0.4775351146 0.0000000000 0.4775351146
0.1908159986 0.0000000000 0.1908159986
0.4747687850 0.0000000000 0.4747687850
0.4288987043 0.0000000000 0.4288998295
0.0344169782 0.0000000000 0.0344169782
0.2124339682 0.0000000000 0.2124339682
0.0287485778 0.0000000000 0.0287485778
0.2673225285 0.0000000000 0.2673217663
0.2813197741 0.0000000000 0.2813186323
0.1207609155 0.0000000000 0.1207609155
0.0224389429 0.0000000000 0.0224401149
0.5327903205 0.0000000000 0.5327903205
0.5330676524 0.0000000000 0.5330676524
0.5175857546 0.0000000000 0.5175857546
0.4828607102 0.0000000000 0.4828595910
0.0325384139 0.0000000000 0.0325391944
0.5267227860 0.0000000000 0.5267227860
0.3697880325 0.0000000000 0.3697880325
0.5319968945 0.0000000000 0.5319968945
0.1649770465 0.0000000000 0.1649770465
0.0847404448 0.0000000000 0.0847404448
0.5308855496 0.0000000000 0.5308855496
0.0140476405 0.0000000000 0.0140476405
0.4251230422 0.0000000000 0.4251230422
0.4214142885 0.0000000000 0.4214142885
0.0917118721 0.0000000000 0.0917118721
0.1864015369 0.0000000000 0.1864015369
0.3310346316 0.0000000000 0.3310346316
0.5308855496 0.0000000000 0.5308855496
0.5245055223 0.0000000000 0.5245055223
0.4534844377 0.0000000000 0.4534844377
0.3654147509 0.0000000000 0.3654136186
0.4660557392 0.0000000000 0.4660557392
0.2859020566 0.0000000000 0.2859009154
0.5302115549 0.0000000000 0.5302115549
0.0088462575 0.0000000000 0.0088462575
0.4904918027 0.0000000000 0.4904918027
0.0148593364 0.0000000000 0.0148593364
0.0882339555 0.0000000000 0.0882339555
0.0780810543 0.0000000000 0.0780810543
0.4955073519 0.0000000000 0.4955073519
0.4362554368 0.0000000000 0.4362554368
0.5087118709 0.0000000000 0.5087118709
0.1054733504 0.0000000000 0.1054733504
0.0362834781 0.0000000000 0.0362842583
0.2490146658 0.0000000000 0.2490158112
0.4904918027 0.0000000000 0.4904918027
0.4065800039 0.0000000000 0.4065807557
0.4630156671 0.0000000000 0.4630156671
0.1091109178 0.0000000000 0.1091109178
0.0210808776 0.0000000000 0.0210808776
0.2766954164 0.0000000000 0.2766954164
0.5024558102 0.0000000000 0.5024558102
0.5245055223 0.0000000000 0.5245055223
0.0917118721 0.0000000000 0.0917118721
0.0780810543 0.0000000000 0.0780810543
0.5232781679 0.0000000000 0.5232792828
0.5124950722 0.0000000000 0.5124950722
0.4398343998 0.0000000000 0.4398343998
0.4719322395 0.0000000000 0.4719322395
0.2766954164 0.0000000000 0.2766954164
0.5333854425 0.0000000000 0.5333854425
0.0544558172 0.0000000000 0.0544558172
0.5002165330 0.0000000000 0.5002165330
0.3220091468 0.0000000000 0.3220091468
0.0450010574 0.0000000000 0.0450010574
0.3570062444 0.0000000000 0.3570062444
0.4747687850 0.0000000000 0.4747687850
0.4904910571 0.0000000000 0.4904918027
0.4660568602 0.0000000000 0.4660557392
0.4775351146 0.0000000000 0.4775351146
0.5159674831 0.0000000000 0.5159674831
0.0569402238 0.0000000000 0.0569410024
0.4141140390 0.0000000000 0.4141140390
0.4690295291 0.0000000000 0.4690295291
0.5267239005 0.0000000000 0.5267227860
0.2124339682 0.0000000000 0.2124339682
0.4398343998 0.0000000000 0.4398343998
0.5191268168 0.0000000000 0.5191268168
0.1054733504 0.0000000000 0.1054733504
0.1649770465 0.0000000000 0.1649770465
0.2993917086 0.0000000000 0.2993917086
0.5124950722 0.0000000000 0.5124950722
0.1483697931 0.0000000000 0.1483697931
0.0140476405 0.0000000000 0.0140464675
0.5333854425 0.0000000000 0.5333854425
0.2354022306 0.0000000000 0.2354010836
0.0132272742 0.0000000000 0.0132272742
0.5302115549 0.0000000000 0.5302115549
0.0381383106 0.0000000000 0.0381383106
0.0088462575 0.0000000000 0.0088462575
0.0720872765 0.0000000000 0.0720872765
0.1908159986 0.0000000000 0.1908159986
0.3220080097 0.0000000000 0.3220091468
0.0088462575 0.0000000000 0.0088462575
0.5067043618 0.0000000000 0.5067032452
0.3988094052 0.0000000000 0.3988105338
0.3485385612 0.0000000000 0.3485393172
0.0123986264 0.0000000000 0.0123986264
0.5330676524 0.0000000000 0.5330676524
0.1091109178 0.0000000000 0.1091109178
0.4854182192 0.0000000000 0.4854182192
0.4103764647 0.0000000000 0.4103764647
0.3908062163 0.0000000000 0.3908062163
0.0951757623 0.0000000000 0.0951757623
0.3908050869 0.0000000000 0.3908050869
0.0091236251 0.0000000000 0.0091236251
0.0882327913 0.0000000000 0.0882339555
0.0599622445 0.0000000000 0.0599622445
0.3867169464 0.0000000000 0.3867169464
0.0450010574 0.0000000000 0.0449998881
0.5319957806 0.0000000000 0.5319968945
0.0251275582 0.0000000000 0.0251283393
0.5106419691 0.0000000000 0.5106419691
0.5332670149 0.0000000000 0.5332659011
0.0847404448 0.0000000000 0.0847404448
0.1246062662 0.0000000000 0.1246062662
0.2720289253 0.0000000000 0.2720289253
0.0521125547 0.0000000000 0.0521133336
0.1774836543 0.0000000000 0.1774836543
0.0099095223 0.0000000000 0.0099095223
0.0362842583 0.0000000000 0.0362842583
0.0720872765 0.0000000000 0.0720872765
0.0306501202 0.0000000000 0.0306501202
0.2490146658 0.0000000000 0.2490158112
0.3527974754 0.0000000000 0.3527974754
0.5205888459 0.0000000000 0.5205888459
0.1284311815 0.0000000000 0.1284311815
0.4599066363 0.0000000000 0.4599066363
0.4719322395 0.0000000000 0.4719322395
0.5330676524 0.0000000000 0.5330676524
0.2215261682 0.0000000000 0.2215261682
0.5277138610 0.0000000000 0.5277138610
0.0344169782 0.0000000000 0.0344169782
0.0197124631 0.0000000000 0.0197132447
0.2859020566 0.0000000000 0.2859009154
0.0544546490 0.0000000000 0.0544546490
0.4567289576 0.0000000000 0.4567297057
0.0882339555 0.0000000000 0.0882339555
0.4979000251 0.0000000000 0.4979000251
0.4065807557 0.0000000000 0.4065807557
0.5319957806 0.0000000000 0.5319968945
0.3174220757 0.0000000000 0.3174220757
0.1246051063 0.0000000000 0.1246051063
0.0362842583 0.0000000000 0.0362842583
0.3783664706 0.0000000000 0.3783653398
0.1130130702 0.0000000000 0.1130130702
0.2081728654 0.0000000000 0.2081728654
0.5245055223 0.0000000000 0.5245055223
0.1525583393 0.0000000000 0.1525583393
0.4103764647 0.0000000000 0.4103764647
0.5314796681 0.0000000000 0.5314807820
0.0381383106 0.0000000000 0.0381383106
0.4326103537 0.0000000000 0.4326103537
0.3825702623 0.0000000000 0.3825702623
0.4362554368 0.0000000000 0.4362565612
0.4775351146 0.0000000000 0.4775351146
0.4214142885 0.0000000000 0.4214142885
0.1207609155 0.0000000000 0.1207609155
0.1731309700 0.0000000000 0.1731309700
0.2081728654 0.0000000000 0.2081728654
0.4802324047 0.0000000000 0.4802324047
0.5142697341 0.0000000000 0.5142697341
0.3611630432 0.0000000000 0.3611630432
0.3988105338 0.0000000000 0.3988105338
0.5219737341 0.0000000000 0.5219737341
0.0780810543 0.0000000000 0.0780810543
0.2215261682 0.0000000000 0.2215261682
0.3825691320 0.0000000000 0.3825691320
0.5067032452 0.0000000000 0.5067043618
0.5245055223 0.0000000000 0.5245055223
0.5333854425 0.0000000000 0.5333854425
0.2720289253 0.0000000000 0.2720289253
0.3908062163 0.0000000000 0.3908062163
0.3783653398 0.0000000000 0.3783664706
0.1020564850 0.0000000000 0.1020564850
0.4904918027 0.0000000000 0.4904918027
0.3654147509 0.0000000000 0.3654147509
0.1322364579 0.0000000000 0.1322364579
0.0473853794 0.0000000000 0.0473853794
0.2124347346 0.0000000000 0.2124339682
0.4660557392 0.0000000000 0.4660557392
0.2261497141 0.0000000000 0.2261485661
0.0882339555 0.0000000000 0.0882339555
0.5205888459 0.0000000000 0.5205888459
0.5332659011 0.0000000000 0.5332670149
0.4288987043 0.0000000000 0.4288998295
0.0325391944 0.0000000000 0.0325391944
0.3081695359 0.0000000000 0.3081695359
0.3310346316 0.0000000000 0.3310346316
0.3867169464 0.0000000000 0.3867169464
0.0088462575 0.0000000000 0.0088462575
0.5219737341 0.0000000000 0.5219737341
0.3783653398 0.0000000000 0.3783653398
0.0156623640 0.0000000000 0.0156623640
0.5245066370 0.0000000000 0.5245055223
0.4660557392 0.0000000000 0.4660557392
0.5332670149 0.0000000000 0.5332659011
0.5175857546 0.0000000000 0.5175857546
0.5245055223 0.0000000000 0.5245055223
0.3398696640 0.0000000000 0.3398696640
0.4501733870 0.0000000000 0.4501733870
0.4630156671 0.0000000000 0.4630156671
0.4599066363 0.0000000000 0.4599066363
0.4979007702 0.0000000000 0.4979000251
0.4326103537 0.0000000000 0.4326103537
0.3908050869 0.0000000000 0.3908050869
0.3867169464 0.0000000000 0.3867169464
0.4103775919 0.0000000000 0.4103775919
0.1168966533 0.0000000000 0.1168966533
0.4534844377 0.0000000000 0.4534855602
0.4630156671 0.0000000000 0.4630156671
0.5256539671 0.0000000000 0.5256539671
0.3611630432 0.0000000000 0.3611630432
0.2399757836 0.0000000000 0.2399750193
0.5327903205 0.0000000000 0.5327903205
0.0268353410 0.0000000000 0.0268353410
0.0197132447 0.0000000000 0.0197132447
0.0210808776 0.0000000000 0.0210808776
0.0169469145 0.0000000000 0.0169469145
0.4599066363 0.0000000000 0.4599066363
0.5159674831 0.0000000000 0.5159674831
0.3442286819 0.0000000000 0.3442298165
0.2720289253 0.0000000000 0.2720289253
0.0720872765 0.0000000000 0.0720872765
0.0986233150 0.0000000000 0.0986240903
0.3174220757 0.0000000000 0.3174220757
0.3783664706 0.0000000000 0.3783664706
0.1567219911 0.0000000000 0.1567231472
0.0720872765 0.0000000000 0.0720872765
0.0917118721 0.0000000000 0.0917118721
0.0287485778 0.0000000000 0.0287485778
0.0093927698 0.0000000000 0.0093935522
0.5319968945 0.0000000000 0.5319968945
0.3741043686 0.0000000000 0.3741054999
0.3570062444 0.0000000000 0.3570062444
0.0569410024 0.0000000000 0.0569410024
0.0082672419 0.0000000000 0.0082672419
0.3611630432 0.0000000000 0.3611630432
0.1819562822 0.0000000000 0.1819562822
0.0099087400 0.0000000000 0.0099087400
0.0812328768 0.0000000000 0.0812328768
0.5277138610 0.0000000000 0.5277138610
0.0450010574 0.0000000000 0.0450010574
0.0750894800 0.0000000000 0.0750894800
0.0251283393 0.0000000000 0.0251283393
0.2081728654 0.0000000000 0.2081728654
0.4027242146 0.0000000000 0.4027242146
0.0091236251 0.0000000000 0.0091236251
0.4251230422 0.0000000000 0.4251230422
0.5087118709 0.0000000000 0.5087118709
0.4501733870 0.0000000000 0.4501733870
0.0287485778 0.0000000000 0.0287485778
0.1091109178 0.0000000000 0.1091109178
0.5175857546 0.0000000000 0.5175857546
0.5333854425 0.0000000000 0.5333854425
0.5191268168 0.0000000000 0.5191268168
0.0450010574 0.0000000000 0.0450010574
0.4467934941 0.0000000000 0.4467934941
0.4251230422 0.0000000000 0.4251230422
0.4630156671 0.0000000000 0.4630156671
0.4214142885 0.0000000000 0.4214142885
0.0093927698 0.0000000000 0.0093935522
0.4802324047 0.0000000000 0.4802324047
0.3398696640 0.0000000000 0.3398696640
0.1441574782 0.0000000000 0.1441574782
0.4433469379 0.0000000000 0.4433469379
0.1130130702 0.0000000000 0.1130130702
0.5205888459 0.0000000000 0.5205888459
0.0780810543 0.0000000000 0.0780810543
0.2813186323 0.0000000000 0.2813197741
0.1567231472 0.0000000000 0.1567231472
0.0986240903 0.0000000000 0.0986240903
0.1399213643 0.0000000000 0.1399213643
0.4630156671 0.0000000000 0.4630156671
0.2490146658 0.0000000000 0.2490158112
0.4251230422 0.0000000000 0.4251230422
0.3570062444 0.0000000000 0.3570069999
0.5124950722 0.0000000000 0.5124950722
0.0521125547 0.0000000000 0.0521125547
0.5324324139 0.0000000000 0.5324324139
0.0306501202 0.0000000000 0.0306501202
0.0079659837 0.0000000000 0.0079659837
0.3081695359 0.0000000000 0.3081695359
0.4747687850 0.0000000000 0.4747687850
0.0115613039 0.0000000000 0.0115613039
0.3697872780 0.0000000000 0.3697880325
0.0306501202 0.0000000000 0.0306501202
0.3611630432 0.0000000000 0.3611630432
0.5277138610 0.0000000000 0.5277138610
0.4065800039 0.0000000000 0.4065807557
0.0099095223 0.0000000000 0.0099095223
0.0251275582 0.0000000000 0.0251283393
0.5277138610 0.0000000000 0.5277138610
0.4930373417 0.0000000000 0.4930373417
0.0210808776 0.0000000000 0.0210808776
0.2354022306 0.0000000000 0.2354010836
0.1952008600 0.0000000000 0.1952008600
0.3825702623 0.0000000000 0.3825702623
0.0169476962 0.0000000000 0.0169469145
0.0426017293 0.0000000000 0.0426017293
0.0401889440 0.0000000000 0.0401897239
0.0569410024 0.0000000000 0.0569402238
0.0344169782 0.0000000000 0.0344169782
0.5324324139 0.0000000000 0.5324324139
0.4177924164 0.0000000000 0.4177924164
0.4630156671 0.0000000000 0.4630156671
0.0224408963 0.0000000000 0.0224401149
0.0088462575 0.0000000000 0.0088454751
0.1567231472 0.0000000000 0.1567231472
0.0401889440 0.0000000000 0.0401897239
0.0082672419 0.0000000000 0.0082672419
0.4501733870 0.0000000000 0.4501733870
0.5024558102 0.0000000000 0.5024558102
0.5124950722 0.0000000000 0.5124950722
0.0085610575 0.0000000000 0.0085610575
0.0847404448 0.0000000000 0.0847404448
0.0401889440 0.0000000000 0.0401897239
0.5159674831 0.0000000000 0.5159674831
0.3741054999 0.0000000000 0.3741043686
0.2215261682 0.0000000000 0.2215261682
0.0599622445 0.0000000000 0.0599622445
0.4141140390 0.0000000000 0.4141140390
0.5245055223 0.0000000000 0.5245055223
0.5308848069 0.0000000000 0.5308848069
0.1207609155 0.0000000000 0.1207609155
0.0099095223 0.0000000000 0.0099095223
0.3611630432 0.0000000000 0.3611630432
0.0847404448 0.0000000000 0.0847404448
0.1908159986 0.0000000000 0.1908159986
0.2168989436 0.0000000000 0.2168989436
0.5330676524 0.0000000000 0.5330676524
0.2399750193 0.0000000000 0.2399750193
0.5175857546 0.0000000000 0.5175857546
0.0325391944 0.0000000000 0.0325391944
0.0569402238 0.0000000000 0.0569410024
0.5330676524 0.0000000000 0.5330676524
0.4719322395 0.0000000000 0.4719322395
0.0140476405 0.0000000000 0.0140464675
0.4288987043 0.0000000000 0.4288998295
0.2766954164 0.0000000000 0.2766954164
0.4660557392 0.0000000000 0.4660557392
0.2081728654 0.0000000000 0.2081728654
0.1360225042 0.0000000000 0.1360217318
0.0237886164 0.0000000000 0.0237886164
0.0544546490 0.0000000000 0.0544546490
0.5245055223 0.0000000000 0.5245055223
0.0287485778 0.0000000000 0.0287485778
0.0251283393 0.0000000000 0.0251283393
0.2307921545 0.0000000000 0.2307921545
0.3527974754 0.0000000000 0.3527974754
0.0085610575 0.0000000000 0.0085610575
0.5308855496 0.0000000000 0.5308855496
0.1130130702 0.0000000000 0.1130130702
0.0224401149 0.0000000000 0.0224408963
0.2813186323 0.0000000000 0.2813197741
0.1864003842 0.0000000000 0.1864003842
0.0082672419 0.0000000000 0.0082672419
0.1441574782 0.0000000000 0.1441574782
0.3908050869 0.0000000000 0.3908050869
0.0986233150 0.0000000000 0.0986240903
0.5191268168 0.0000000000 0.5191268168
0.1360217318 0.0000000000 0.1360217318
0.2579107194 0.0000000000 0.2579107194
0.4955073519 0.0000000000 0.4955073519
0.0660466643 0.0000000000 0.0660466643
0.4747687850 0.0000000000 0.4747687850
0.4141140390 0.0000000000 0.4141140390
0.3741054999 0.0000000000 0.3741043686
0.4955073519 0.0000000000 0.4955073519
0.0079659837 0.0000000000 0.0079659837
0.4690295291 0.0000000000 0.4690284083
0.1567231472 0.0000000000 0.1567231472
0.2354022306 0.0000000000 0.2354022306
0.4214142885 0.0000000000 0.4214142885
0.0426017293 0.0000000000 0.0426017293
0.3485393172 0.0000000000 0.3485385612
0.3697880325 0.0000000000 0.3697880325
0.0497558752 0.0000000000 0.0497558752
0.5245066370 0.0000000000 0.5245055223
0.2673217663 0.0000000000 0.2673217663
0.1441574782 0.0000000000 0.1441574782
0.1207609155 0.0000000000 0.1207609155
0.0325391944 0.0000000000 0.0325391944
0.3220091468 0.0000000000 0.3220091468
0.5159674831 0.0000000000 0.5159674831
0.4719322395 0.0000000000 0.4719322395
0.2813197741 0.0000000000 0.2813186323
0.0251283393 0.0000000000 0.0251283393
0.3697872780 0.0000000000 0.3697880325
0.3442286819 0.0000000000 0.3442298165
0.0093927698 0.0000000000 0.0093927698
0.1608619353 0.0000000000 0.1608630909
0.4214142885 0.0000000000 0.4214142885
0.0690728786 0.0000000000 0.0690728786
0.3485393172 0.0000000000 0.3485385612
0.2625742634 0.0000000000 0.2625742634
0.4362554368 0.0000000000 0.4362554368
0.4398343998 0.0000000000 0.4398343998
0.0450010574 0.0000000000 0.0450010574
0.0450010574 0.0000000000 0.0449998881
0.5159674831 0.0000000000 0.5159674831
0.4362554368 0.0000000000 0.4362554368
0.2038792536 0.0000000000 0.2038792536
0.3174220757 0.0000000000 0.3174220757
0.4802331511 0.0000000000 0.4802324047
0.3038036053 0.0000000000 0.3038036053
0.2625742634 0.0000000000 0.2625742634
0.3354731784 0.0000000000 0.3354731784
0.3354731784 0.0000000000 0.3354731784
0.1908159986 0.0000000000 0.1908159986
0.4719322395 0.0000000000 0.4719322395
0.5327903205 0.0000000000 0.5327903205
0.5175868700 0.0000000000 0.5175857546
0.1731309700 0.0000000000 0.1731309700
0.4141140390 0.0000000000 0.4141140390
0.4690295291 0.0000000000 0.4690295291
0.0107164778 0.0000000000 0.0107164778
0.0079659837 0.0000000000 0.0079659837
0.4955073519 0.0000000000 0.4955073519
0.2534820011 0.0000000000 0.2534820011
0.3527974754 0.0000000000 0.3527974754
0.0148593364 0.0000000000 0.0148593364
0.4719333600 0.0000000000 0.4719322395
0.0426017293 0.0000000000 0.0426017293
0.5046186518 0.0000000000 0.5046186518
0.1483697931 0.0000000000 0.1483697931
0.5245055223 0.0000000000 0.5245055223
0.1054733504 0.0000000000 0.1054733504
0.1608619353 0.0000000000 0.1608630909
0.4362554368 0.0000000000 0.4362554368
0.4630156671 0.0000000000 0.4630156671
0.0750894800 0.0000000000 0.0750894800
0.5324335277 0.0000000000 0.5324324139
0.4288987043 0.0000000000 0.4288998295
0.0450010574 0.0000000000 0.0449998881
0.1908159986 0.0000000000 0.1908159986
0.5332659011 0.0000000000 0.5332659011
0.4103764647 0.0000000000 0.4103764647
0.5124950722 0.0000000000 0.5124950722
0.4467934941 0.0000000000 0.4467934941
0.3825691320 0.0000000000 0.3825691320
0.4567289576 0.0000000000 0.4567297057
0.1091109178 0.0000000000 0.1091109178
0.4251230422 0.0000000000 0.4251230422
0.5302115549 0.0000000000 0.5302115549
0.0148593364 0.0000000000 0.0148593364
0.3611630432 0.0000000000 0.3611630432
0.5333854425 0.0000000000 0.5333854425
0.2534820011 0.0000000000 0.2534808561
0.4775351146 0.0000000000 0.4775351146
0.1284311815 0.0000000000 0.1284311815
0.0521125547 0.0000000000 0.0521133336
0.0287485778 0.0000000000 0.0287485778
0.3570062444 0.0000000000 0.3570069999
0.5327903205 0.0000000000 0.5327903205
0.0780810543 0.0000000000 0.0780810543
0.0091236251 0.0000000000 0.0091236251
0.5327903205 0.0000000000 0.5327903205
0.1908159986 0.0000000000 0.1908159986
0.5142697341 0.0000000000 0.5142697341
0.1908159986 0.0000000000 0.1908159986
0.1608630909 0.0000000000 0.1608630909
0.0210808776 0.0000000000 0.0210808776
0.5219737341 0.0000000000 0.5219737341
0.0140476405 0.0000000000 0.0140476405
0.4567289576 0.0000000000 0.4567297057
0.0986240903 0.0000000000 0.0986240903
0.1483697931 0.0000000000 0.1483697931
0.0251275582 0.0000000000 0.0251283393
0.4433469379 0.0000000000 0.4433480615
0.4141140390 0.0000000000 0.4141140390
0.0847404448 0.0000000000 0.0847404448
0.5327903205 0.0000000000 0.5327903205
0.5319968945 0.0000000000 0.5319968945
0.5232781679 0.0000000000 0.5232792828
0.1207609155 0.0000000000 0.1207609155
0.5302115549 0.0000000000 0.5302115549
0.5067032452 0.0000000000 0.5067032452
0.4955073519 0.0000000000 0.4955073519
0.0344169782 0.0000000000 0.0344169782
0.3354731784 0.0000000000 0.3354731784
0.1168966533 0.0000000000 0.1168966533
0.0750894800 0.0000000000 0.0750894800
