0.0000000000 0.4169750957 0.0000000000
0.0000000000 0.3526441657 0.0000000000
0.0000000000 0.3044299453 0.0000000000
0.0073413073 0.0000000000 0.0073413073
0.0000000000 0.3422718756 0.0000000000
0.0037477729 0.0000000000 0.0037477729
0.0000010736 0.1087532951 0.0000000000
0.0000000000 0.0027065323 0.0000000000
0.0000000000 0.3795873659 0.0000000000
0.0000000000 0.0881892698 0.0000000000
0.0000000000 0.4037934059 0.0000000000
0.0056418838 0.0000000000 0.0056418838
0.0000000000 0.4209478822 0.0000000000
0.0000000000 0.3905409724 0.0000000000
0.0000000000 0.1198026678 0.0000000000
0.0000000000 0.0566321365 0.0000000000
0.0000000000 0.1910856946 0.0000000000
0.0000000000 0.2948378482 0.0000000000
0.0000000000 0.1684665558 0.0000000000
0.0000000000 0.0012339583 0.0000000000
0.0000000000 0.2320708127 0.0000007241
0.0000000000 0.2711497921 0.0000000000
0.0000000000 0.2915639055 0.0000000000
0.0000000000 0.4105605949 0.0000000000
0.0000000000 0.4186059727 0.0000000000
0.0000000000 0.3888424689 0.0000000000
0.0000011028 0.3905420752 0.0000000000
0.0000000000 0.2677687970 0.0000000000
0.0000000000 0.4141425876 0.0000000000
0.0000000000 0.2061482095 0.0000000000
0.0000000000 0.3755397259 0.0000000000
0.0000000000 0.0166340185 0.0000000000
0.0000000000 0.0536118422 0.0000000000
0.0000000000 0.2467728668 0.0000000000
0.0000000000 0.4203805113 0.0000007373
0.0000000000 0.4105605949 0.0000000000
0.0000000000 0.0166340185 0.0000000000
0.0000010665 0.0377445369 0.0000000000
0.0000007127 0.0626496253 0.0000000000
0.0000007133 0.0716151591 0.0000000000
0.0000000000 0.3254548593 0.0000000000
0.0000000000 0.3312263816 0.0000000000
0.0000000000 0.0881881982 0.0000000000
0.0000000000 0.1270904473 0.0000000000
0.0000000000 0.4181098640 0.0000007371
0.0000010675 0.0479470807 0.0000000000
0.0000000000 0.2394859399 0.0000010870
0.0000000000 0.4115255923 0.0000000000
0.0000000000 0.4149207408 0.0000000000
0.0000000000 0.4209478822 0.0000000000
0.0000000000 0.2135162104 0.0000000000
0.0000000000 0.1161345049 0.0000000000
0.0000000000 0.1684665558 0.0000000000
0.0000000000 0.2245313740 0.0000000000
0.0000000000 0.2245313740 0.0000000000
0.0000000000 0.0377434704 0.0000000000
0.0000000000 0.0505838567 0.0000000000
0.0000000000 0.1833974117 0.0000000000
0.0000000000 0.4209478822 0.0000000000
0.0027657069 0.0000000000 0.0027657069
0.0000000000 0.1872550958 0.0000000000
0.0000000000 0.0027065323 0.0000000000
0.0000000000 0.0626489127 0.0000000000
0.0000000000 0.3012703567 0.0000007289
0.0000000000 0.0377434704 0.0000000000
0.0000000000 0.2711497921 0.0000000000
0.0000000000 0.0780068416 0.0000000000
0.0000000000 0.0255661197 0.0000000000
0.0000000000 0.2357942034 0.0000000000
0.0000000000 0.3136779897 0.0000000000
0.0000000000 0.0949182605 0.0000000000
0.0000007127 0.0626496253 0.0000000000
0.0000000000 0.0210934619 0.0000010649
0.0000000000 0.1270904473 0.0000000000
0.0000000000 0.4095489173 0.0000000000
0.0000000000 0.0881892698 0.0000000000
0.0000000000 0.4186059727 0.0000000000
0.0000000000 0.4201202462 0.0000000000
0.0000000000 0.0124846290 0.0000000000
0.0000000000 0.1234548931 0.0000000000
0.0000000000 0.2394848529 0.0000000000
0.0000000000 0.3312263816 0.0000000000
0.0000000000 0.4095489173 0.0000000000
0.0000000000 0.1270904473 0.0000000000
0.0000000000 0.1015996392 0.0000000000
0.0000000000 0.0915594877 0.0000010719
0.0079661321 0.0000000000 0.0079661321
0.0000000000 0.1948920652 0.0000000000
0.0000000000 0.2245313740 0.0000000000
0.0000000000 0.1572590130 0.0000000000
0.0000000000 0.2024229906 0.0000000000
0.0000000000 0.3815440151 0.0000000000
0.0000000000 0.0505849244 0.0000000000
0.0000000000 0.1610812966 0.0000010789
0.0000000000 0.2609196691 0.0000000000
0.0000000000 0.4084902052 0.0000000000
0.0000000000 0.0881892698 0.0000000000
0.0007800523 0.0000000000 0.0007800523
0.0000000000 0.0881881982 0.0000000000
0.0000010870 0.2394859399 0.0000000000
0.0000000000 0.4205932256 0.0000000000
0.0056418838 0.0000000000 0.0056418838
0.0000000000 0.4073848411 0.0000000000
0.0000000000 0.4169750957 0.0000000000
0.0000000000 0.0626496253 0.0000007127
0.0027657069 0.0000000000 0.0027657069
0.0000000000 0.2711497921 0.0000000000
0.0000000000 0.2781008757 0.0000000000
0.0000000000 0.0166340185 0.0000000000
0.0000000000 0.0566321365 0.0000000000
0.0000000000 0.1495553454 0.0000000000
0.0000000000 0.2135162104 0.0000000000
0.0000000000 0.4175662359 0.0000007371
0.0000000000 0.3669089250 0.0000000000
0.0000000000 0.4115255923 0.0000000000
0.0000000000 0.1307107478 0.0000000000
0.0000000000 0.3449289423 0.0000000000
0.0000000000 0.4169750957 0.0000000000
0.0059966606 0.0000000000 0.0059966606
0.0000000000 0.3953685780 0.0000000000
0.0000000000 0.4169750957 0.0000000000
0.0000000000 0.3795873659 0.0000000000
0.0000000000 0.4011679840 0.0000000000
0.0000000000 0.3136779897 0.0000000000
0.0000000000 0.0377434704 0.0000000000
0.0000000000 0.0596447330 0.0000000000
0.0000000000 0.4163379257 0.0000000000
0.0000000000 0.4190549236 0.0000000000
0.0000000000 0.1910856946 0.0000000000
0.0000000000 0.0144099566 0.0000000000
0.0000000000 0.3044299453 0.0000000000
0.0000000000 0.1015996392 0.0000000000
0.0000000000 0.3106345256 0.0000007296
0.0000000000 0.3734484206 0.0000000000
0.0000000000 0.0982655773 0.0000000000
0.0000000000 0.1456729269 0.0000000000
0.0000010675 0.0479470807 0.0000000000
0.0000000000 0.0428554437 0.0000010670
0.0000000000 0.3312263816 0.0000000000
0.0000000000 0.4205932256 0.0000000000
0.0000000000 0.3422718756 0.0000000000
0.0000000000 0.3953685780 0.0000000000
0.0000007129 0.0656460941 0.0000000000
0.0000000000 0.1456729269 0.0000000000
0.0000000000 0.3983592907 0.0000000000
0.0000000000 0.4037934059 0.0000000000
0.0000000000 0.3075514679 0.0000000000
0.0000000000 0.1572590130 0.0000000000
0.0000000000 0.3312263816 0.0000000000
0.0000000000 0.0351809329 0.0000000000
0.0000000000 0.0210934619 0.0000010649
0.0000000000 0.2503690784 0.0000000000
0.0000000000 0.3938045996 0.0000000000
0.0000000000 0.1534176211 0.0000000000
0.0000000000 0.4203797739 0.0000000000
0.0000000000 0.3196489199 0.0000010953
0.0000000000 0.1833974117 0.0000000000
0.0000000000 0.0326136771 0.0000000000
0.0000000000 0.4186059727 0.0000000000
0.0000000000 0.4073848411 0.0000000000
0.0000000000 0.0278074092 0.0000000000
0.0000000000 0.0377434704 0.0000000000
0.0000000000 0.1795148337 0.0000000000
0.0000000000 0.2849062817 0.0000000000
0.0000000000 0.3599721996 0.0000000000
0.0037477729 0.0000000000 0.0037477729
0.0007800523 0.0000000000 0.0007800523
0.0000007218 0.1986712939 0.0000000000
0.0000000000 0.2245313740 0.0000000000
0.0000000000 0.3075514679 0.0000010940
0.0000000000 0.1647844359 0.0000000000
0.0000000000 0.0428554437 0.0000010670
0.0000000000 0.0566321365 0.0000000000
0.0000000000 0.4186059727 0.0000000000
0.0000000000 0.3599721996 0.0000000000
0.0000000000 0.2539331410 0.0000000000
0.0000000000 0.3905409724 0.0000000000
0.0000000000 0.0377434704 0.0000000000
0.0000000000 0.4149207408 0.0000000000
0.0000000000 0.0124856930 0.0000010640
0.0000007155 0.1050384905 0.0000000000
0.0000007133 0.0716151591 0.0000000000
0.0000000000 0.2882538571 0.0000000000
0.0000000000 0.4149207408 0.0000000000
0.0000000000 0.2394859399 0.0000010870
0.0000000000 0.2431449014 0.0000000000
0.0000000000 0.1087522215 0.0000000000
0.0000000000 0.2357942034 0.0000000000
0.0000000000 0.3475427574 0.0000000000
0.0000000000 0.3395730535 0.0000000000
0.0000000000 0.4084902052 0.0000000000
0.0000000000 0.2711497921 0.0000000000
0.0000000000 0.0536118422 0.0000000000
0.0000000000 0.0278074092 0.0000000000
0.0000000000 0.3997859853 0.0000000000
0.0000000000 0.4208774661 0.0000011060
0.0000000000 0.0428554437 0.0000010670
0.0000000000 0.1161345049 0.0000000000
0.0007800523 0.0000000000 0.0007800523
0.0000000000 0.0124856930 0.0000010640
0.0000000000 0.0300445483 0.0000000000
0.0000000000 0.0454034503 0.0000000000
0.0000000000 0.1087522215 0.0000000000
0.0000000000 0.0982648623 0.0000000000
0.0000000000 0.2394859399 0.0000010870
0.0000000000 0.0505849244 0.0000000000
0.0000000000 0.3196478246 0.0000000000
0.0059966606 0.0000000000 0.0059966606
0.0000000000 0.1307107478 0.0000000000
0.0000000000 0.3983592907 0.0000000000
0.0000000000 0.0505849244 0.0000000000
0.0000000000 0.3136779897 0.0000000000
0.0000000000 0.3526441657 0.0000000000
0.0000000000 0.4156521550 0.0000000000
0.0000000000 0.1270904473 0.0000000000
0.0000000000 0.3312263816 0.0000000000
0.0000000000 0.3196489199 0.0000000000
0.0000000000 0.4203797739 0.0000000000
0.0000000000 0.2746431167 0.0000000000
0.0000000000 0.0454034503 0.0000000000
0.0000000000 0.4198120655 0.0000000000
0.0000000000 0.4095489173 0.0000000000
0.0000000000 0.2245313740 0.0000000000
0.0000000000 0.0454034503 0.0000000000
0.0000010881 0.2503701665 0.0000000000
0.0000000000 0.3888424689 0.0000000000
0.0000000000 0.2539331410 0.0000000000
0.0047233754 0.0000000000 0.0047233754
0.0000010653 0.0255661197 0.0000000000
0.0000000000 0.1757622474 0.0000000000
0.0000000000 0.3075514679 0.0000000000
0.0000010953 0.3196489199 0.0000000000
0.0000000000 0.4050367939 0.0000000000
0.0000000000 0.3551291326 0.0000000000
0.0000000000 0.2394859399 0.0000010870
0.0000000000 0.0124846290 0.0000000000
0.0000010770 0.1417714646 0.0000000000
0.0000000000 0.3938045996 0.0000000000
0.0000000000 0.0536118422 0.0000000000
0.0000000000 0.0059432889 0.0000000000
0.0000000000 0.1910856946 0.0000000000
0.0000000000 0.2609196691 0.0000000000
0.0000011024 0.3870994118 0.0000000000
0.0000000000 0.0479470807 0.0000010675
0.0000000000 0.3422718756 0.0000000000
0.0000000000 0.1307107478 0.0000000000
0.0000011058 0.4190560294 0.0000000000
0.0000000000 0.3815440151 0.0000000000
0.0047233754 0.0000000000 0.0047233754
0.0000000000 0.0915605596 0.0000000000
0.0000000000 0.3395730535 0.0000000000
0.0000000000 0.3283615976 0.0000000000
0.0000000000 0.4115255923 0.0000000000
0.0000000000 0.2849062817 0.0000000000
0.0000000000 0.1647844359 0.0000000000
0.0000000000 0.2467728668 0.0000000000
0.0000000000 0.0982648623 0.0000000000
0.0000000000 0.4025041648 0.0000000000
0.0000000000 0.1343136266 0.0000000000
0.0000000000 0.2467728668 0.0000000000
0.0000000000 0.0108415627 0.0000000000
0.0000000000 0.3755397259 0.0000000000
0.0000000000 0.3551291326 0.0000000000
0.0000000000 0.3166829206 0.0000000000
0.0000000000 0.2711497921 0.0000000000
0.0000000000 0.0881881982 0.0000000000
0.0000000000 0.0002242489 0.0000000000
0.0000000000 0.4095489173 0.0000000000
0.0063446987 0.0000000000 0.0063446987
0.0000000000 0.1234548931 0.0000000000
0.0000000000 0.1572590130 0.0000000000
0.0000000000 0.2207728983 0.0000000000
0.0000000000 0.1015996392 0.0000000000
0.0000000000 0.2882538571 0.0000000000
0.0000000000 0.2245313740 0.0000000000
0.0000000000 0.0780068416 0.0000000000
0.0000000000 0.2815219427 0.0000000000
0.0000000000 0.3254555899 0.0000007306
0.0000000000 0.4201202462 0.0000000000
0.0000000000 0.0012339583 0.0000000000
0.0000000000 0.1456729269 0.0000000000
0.0000000000 0.4025041648 0.0000000000
0.0000000000 0.4175662359 0.0000000000
0.0027657069 0.0000000000 0.0027657069
0.0000000000 0.4194574478 0.0000000000
0.0000007155 0.1050384905 0.0000000000
0.0000000000 0.0479470807 0.0000010675
0.0000000000 0.1378994250 0.0000000000
0.0000000000 0.4037934059 0.0000000000
0.0000000000 0.4207591238 0.0000000000
0.0000000000 0.3225726678 0.0000000000
0.0000000000 0.2980727366 0.0000000000
0.0000000000 0.3983592907 0.0000000000
0.0047233754 0.0000000000 0.0047233754
0.0059966606 0.0000000000 0.0059966606
0.0000000000 0.1647844359 0.0000000000
0.0000000000 0.3734484206 0.0000000000
0.0000000000 0.4011679840 0.0000000000
0.0000000000 0.3646404149 0.0000000000
0.0000000000 0.1910856946 0.0000000000
0.0000000000 0.3136779897 0.0000000000
0.0000000000 0.4163379257 0.0000000000
0.0000000000 0.3501147530 0.0000000000
0.0000000000 0.0351809329 0.0000000000
0.0000000000 0.3044299453 0.0000000000
0.0000000000 0.0002231861 0.0000000000
0.0000000000 0.3526430669 0.0000000000
0.0000000000 0.3136779897 0.0000000000
0.0000000000 0.0780068416 0.0000000000
0.0000000000 0.2677687970 0.0000000000
0.0000000000 0.3254548593 0.0000000000
0.0000000000 0.2746431167 0.0000000000
0.0000000000 0.1456729269 0.0000000000
0.0000000000 0.0745905958 0.0000000000
0.0000000000 0.0188617345 0.0000000000
0.0000000000 0.0255661197 0.0000000000
0.0000007363 0.4062346806 0.0000000000
0.0000007221 0.2024229906 0.0000000000
0.0000000000 0.3599721996 0.0000000000
0.0000000000 0.4208774661 0.0000000000
0.0000000000 0.1307107478 0.0000000000
0.0000000000 0.3136779897 0.0000000000
0.0000000000 0.1161345049 0.0000000000
0.0000000000 0.2467728668 0.0000000000
0.0000000000 0.1050384905 0.0000000000
0.0000000000 0.2283172491 0.0000010858
0.0000000000 0.3983592907 0.0000000000
0.0000000000 0.3968868151 0.0000000000
0.0000000000 0.3646404149 0.0000000000
0.0000007343 0.3775862946 0.0000000000
0.0000000000 0.4198120655 0.0000000000
0.0066842287 0.0000000000 0.0066842287
0.0000000000 0.0848054750 0.0000000000
0.0000000000 0.0780068416 0.0000000000
0.0000000000 0.2609196691 0.0000000000
0.0000000000 0.4095489173 0.0000000000
0.0000000000 0.4194574478 0.0000000000
0.0000000000 0.1161345049 0.0000000000
0.0000000000 0.2245313740 0.0000000000
0.0000000000 0.3775862946 0.0000000000
0.0000000000 0.1495553454 0.0000000000
0.0000000000 0.3834554827 0.0000000000
0.0000000000 0.1343136266 0.0000000000
0.0000000000 0.4175662359 0.0000000000
0.0000000000 0.1721258341 0.0000000000
0.0000000000 0.3501147530 0.0000000000
0.0000000000 0.1087522215 0.0000000000
0.0000000000 0.0233270728 0.0000000000
0.0000000000 0.2467728668 0.0000000000
0.0000000000 0.3669089250 0.0000000000
0.0000000000 0.0686348452 0.0000000000
0.0000000000 0.0233270728 0.0000000000
0.0000000000 0.0059432889 0.0000000000
0.0000000000 0.2677687970 0.0000000000
0.0000000000 0.0536118422 0.0000000000
0.0000000000 0.3136779897 0.0000000000
0.0000000000 0.2061482095 0.0000000000
0.0000000000 0.3870983093 0.0000000000
0.0000007160 0.1124514949 0.0000000000
0.0000000000 0.4175662359 0.0000007371
0.0000011058 0.4190560294 0.0000000000
0.0000000000 0.4115255923 0.0000000000
0.0027657069 0.0000000000 0.0027657069
0.0070170214 0.0000000000 0.0070170214
0.0037477729 0.0000000000 0.0037477729
0.0000000000 0.0596447330 0.0000000000
0.0000000000 0.1198026678 0.0000000000
0.0000000000 0.0092030022 0.0000000000
0.0000000000 0.4163379257 0.0000000000
0.0076581493 0.0000000000 0.0076570873
0.0000000000 0.2781008757 0.0000000000
0.0000000000 0.2815226702 0.0000007275
0.0000000000 0.2431449014 0.0000000000
0.0000000000 0.4095489173 0.0000000000
0.0000000000 0.1610812966 0.0000010789
0.0000000000 0.0915594877 0.0000010719
0.0000010839 0.2098465612 0.0000000000
0.0000000000 0.2357942034 0.0000000000
0.0000000000 0.1307107478 0.0000000000
0.0000000000 0.0745905958 0.0000000000
0.0000000000 0.3526441657 0.0000000000
0.0000000000 0.1495553454 0.0000000000
0.0000000000 0.0351809329 0.0000000000
0.0000000000 0.3713131395 0.0000000000
0.0000000000 0.3449289423 0.0000000000
0.0000000000 0.0949193327 0.0000000000
0.0000000000 0.1757622474 0.0000000000
0.0000000000 0.2283161633 0.0000000000
0.0000000000 0.4181098640 0.0000007371
0.0000000000 0.2135162104 0.0000000000
0.0000000000 0.0278074092 0.0000000000
0.0000000000 0.3075514679 0.0000000000
0.0000000000 0.3983592907 0.0000000000
0.0073402453 0.0000000000 0.0073413073
0.0000000000 0.3646404149 0.0000000000
0.0000000000 0.1684665558 0.0000000000
0.0000000000 0.3254548593 0.0000000000
0.0000007160 0.1124514949 0.0000000000
0.0000011059 0.4201202462 0.0000000000
0.0000000000 0.0043221309 0.0000000000
0.0000000000 0.4169750957 0.0000000000
0.0000000000 0.3254548593 0.0000000000
0.0000000000 0.3044299453 0.0000000000
0.0000000000 0.3983592907 0.0000000000
0.0000000000 0.1456729269 0.0000000000
0.0000000000 0.3012703567 0.0000000000
0.0000000000 0.2746431167 0.0000000000
0.0000011038 0.3997870891 0.0000000000
0.0000000000 0.2781008757 0.0000000000
0.0000000000 0.2024229906 0.0000000000
0.0000000000 0.2849062817 0.0000000000
0.0000000000 0.0278074092 0.0000000000
0.0000000000 0.4209478822 0.0000000000
0.0000000000 0.0915584158 0.0000000000
0.0047233754 0.0000000000 0.0047233754
0.0000000000 0.0075703633 0.0000000000
0.0000000000 0.1015996392 0.0000007153
0.0000000000 0.0566321365 0.0000000000
0.0063439906 0.0000000000 0.0063446987
0.0000000000 0.0210934619 0.0000010649
0.0059966606 0.0000000000 0.0059966606
0.0000000000 0.1015996392 0.0000000000
0.0000000000 0.3775862946 0.0000000000
0.0063446987 0.0000000000 0.0063439906
0.0000000000 0.2781008757 0.0000000000
0.0000000000 0.4209718460 0.0000000000
0.0000000000 0.4050367939 0.0000000000
0.0000000000 0.4156532604 0.0000000000
0.0000000000 0.3422718756 0.0000000000
0.0000010839 0.2098465612 0.0000000000
0.0000010736 0.1087532951 0.0000000000
0.0000000000 0.3449289423 0.0000000000
0.0000000000 0.2711497921 0.0000000000
0.0000000000 0.2781008757 0.0000000000
0.0000000000 0.4169750957 0.0000000000
0.0000000000 0.0059432889 0.0000000000
0.0000000000 0.0403023529 0.0000000000
0.0000000000 0.3953685780 0.0000000000
0.0079661321 0.0000000000 0.0079661321
0.0000000000 0.2915639055 0.0000000000
0.0000000000 0.1684665558 0.0000000000
0.0000000000 0.0536118422 0.0000000000
0.0000000000 0.0596447330 0.0000000000
0.0000000000 0.3734484206 0.0000000000
0.0000000000 0.0351809329 0.0000000000
0.0000000000 0.3834554827 0.0000000000
0.0056418838 0.0000000000 0.0056418838
0.0000000000 0.2915649979 0.0000000000
0.0000000000 0.0536118422 0.0000000000
0.0000000000 0.4169750957 0.0000000000
0.0000000000 0.2098465612 0.0000010839
0.0000000000 0.3853092517 0.0000000000
0.0000000000 0.3691331760 0.0000000000
0.0000000000 0.3795873659 0.0000000000
0.0000000000 0.3623276746 0.0000000000
0.0000000000 0.4201202462 0.0000000000
0.0000000000 0.0505838567 0.0000000000
0.0000000000 0.2609196691 0.0000000000
0.0000007133 0.0716151591 0.0000000000
0.0000000000 0.4201191403 0.0000000000
0.0000000000 0.1198026678 0.0000000000
0.0000000000 0.2677687970 0.0000000000
0.0000000000 0.4105605949 0.0000000000
0.0000010653 0.0255661197 0.0000000000
0.0000000000 0.1378994250 0.0000000000
0.0000000000 0.4062339443 0.0000000000
0.0000000000 0.2643605625 0.0000000000
0.0000000000 0.3422718756 0.0000000000
0.0000000000 0.1270904473 0.0000000000
0.0000000000 0.1534176211 0.0000000000
0.0000011040 0.4025041648 0.0000000000
0.0000000000 0.4186059727 0.0000000000
0.0000000000 0.3713131395 0.0000000000
0.0000000000 0.1378994250 0.0000000000
0.0000000000 0.0848054750 0.0000000000
0.0000000000 0.0144120850 0.0000010642
0.0000000000 0.3551291326 0.0000000000
0.0000000000 0.0188617345 0.0000000000
0.0000000000 0.2431449014 0.0000000000
0.0000000000 0.3834554827 0.0000000000
0.0000000000 0.1910856946 0.0000000000
0.0000007129 0.0656460941 0.0000000000
0.0000000000 0.0780068416 0.0000000000
0.0000000000 0.0278074092 0.0000000000
0.0000000000 0.3691331760 0.0000000000
0.0000007314 0.3368328742 0.0000000000
0.0000000000 0.2467735919 0.0000007251
0.0000000000 0.3106337960 0.0000000000
0.0000000000 0.3713131395 0.0000000000
0.0000007211 0.1872558168 0.0000000000
0.0000000000 0.4175662359 0.0000007371
0.0000000000 0.0002231861 0.0000000000
0.0000010789 0.1610812966 0.0000000000
0.0000000000 0.2711497921 0.0000000000
0.0000010709 0.0814123999 0.0000000000
0.0000000000 0.4124450018 0.0000000000
0.0000000000 0.3921956358 0.0000000000
0.0000000000 0.4207591238 0.0000000000
0.0066842287 0.0000000000 0.0066842287
0.0000000000 0.2431449014 0.0000000000
0.0000000000 0.1572590130 0.0000000000
0.0000010675 0.0479470807 0.0000000000
0.0000007363 0.4062346806 0.0000000000
0.0000000000 0.1647844359 0.0000000000
0.0000000000 0.3968868151 0.0000000000
0.0000000000 0.2283161633 0.0000000000
0.0000000000 0.2915639055 0.0000000000
0.0000021539 0.1417714646 0.0000000000
0.0000000000 0.1872550958 0.0000000000
0.0000000000 0.4181098640 0.0000000000
0.0000000000 0.2677687970 0.0000000000
0.0000000000 0.3044299453 0.0000000000
0.0000000000 0.3012703567 0.0000000000
0.0000000000 0.1234548931 0.0000000000
0.0073413073 0.0000000000 0.0073413073
0.0000000000 0.0233270728 0.0000000000
0.0000000000 0.2948378482 0.0000000000
0.0000000000 0.0915594877 0.0000010719
0.0000000000 0.0144099566 0.0000000000
0.0000000000 0.3815440151 0.0000000000
0.0000000000 0.4084902052 0.0000000000
0.0000000000 0.0059432889 0.0000000000
0.0000000000 0.0403023529 0.0000000000
0.0000000000 0.4115255923 0.0000000000
0.0000000000 0.3775862946 0.0000000000
0.0000007275 0.2815226702 0.0000000000
0.0000000000 0.0915605596 0.0000000000
0.0000000000 0.0188617345 0.0000000000
0.0000000000 0.2948371198 0.0000000000
0.0000000000 0.3795873659 0.0000000000
0.0000000000 0.0351809329 0.0000000000
0.0000000000 0.2781008757 0.0000000000
0.0000000000 0.3136779897 0.0000000000
0.0000000000 0.3734484206 0.0000000000
0.0000000000 0.0210923970 0.0000000000
0.0000000000 0.2574443344 0.0000000000
0.0000000000 0.2467728668 0.0000000000
0.0000011024 0.3870994118 0.0000000000
0.0000000000 0.3968868151 0.0000000000
0.0000000000 0.0075703633 0.0000000000
0.0000000000 0.4205932256 0.0000000000
0.0000000000 0.2882538571 0.0000000000
0.0000000000 0.0092030022 0.0000000000
0.0000000000 0.4050367939 0.0000000000
0.0000000000 0.2609196691 0.0000000000
0.0000000000 0.2245313740 0.0000000000
0.0000000000 0.3422718756 0.0000000000
0.0000000000 0.1495553454 0.0000000000
0.0000007221 0.2024229906 0.0000000000
0.0000000000 0.3475427574 0.0000000000
0.0000000000 0.1684665558 0.0000000000
0.0000000000 0.2135162104 0.0000000000
0.0000007275 0.2815226702 0.0000000000
0.0000000000 0.0814123999 0.0000000000
0.0000000000 0.3551291326 0.0000000000
0.0000010881 0.2503701665 0.0000000000
0.0000000000 0.4156532604 0.0000000000
0.0000000000 0.0686341322 0.0000000000
0.0037477729 0.0000000000 0.0037477729
0.0000000000 0.3795873659 0.0000000000
0.0000000000 0.2711497921 0.0000000000
0.0000000000 0.1986705721 0.0000000000
0.0017768216 0.0000000000 0.0017757590
0.0000000000 0.2948378482 0.0000000000
0.0000000000 0.1757622474 0.0000000000
0.0000000000 0.2643605625 0.0000000000
0.0000000000 0.0686341322 0.0000000000
0.0000010881 0.2503701665 0.0000000000
0.0000000000 0.1270904473 0.0000000000
0.0056418838 0.0000000000 0.0056418838
0.0000000000 0.2320708127 0.0000000000
0.0000000000 0.0351809329 0.0000000000
0.0000000000 0.1198026678 0.0000000000
0.0000000000 0.1307107478 0.0000000000
0.0000011059 0.4201202462 0.0000000000
0.0000000000 0.4194574478 0.0000000000
0.0000000000 0.0881881982 0.0000000000
0.0000000000 0.2643605625 0.0000000000
0.0000000000 0.1910856946 0.0000000000
0.0037477729 0.0000000000 0.0037477729
0.0000000000 0.2915639055 0.0000000000
0.0000000000 0.3795873659 0.0000000000
0.0000000000 0.2882538571 0.0000000000
0.0000000000 0.3691331760 0.0000000000
0.0000000000 0.0075703633 0.0000000000
0.0000000000 0.4050367939 0.0000000000
0.0000000000 0.3012714501 0.0000010934
0.0000000000 0.3254548593 0.0000000000
0.0000000000 0.1234548931 0.0000000000
0.0000010839 0.2098465612 0.0000000000
0.0000000000 0.4124450018 0.0000000000
0.0000000000 0.3953685780 0.0000000000
0.0000000000 0.0326136771 0.0000000000
0.0000000000 0.4190549236 0.0000000000
0.0000000000 0.3921956358 0.0000000000
0.0000000000 0.0166340185 0.0000000000
0.0000000000 0.3526430669 0.0000000000
0.0000000000 0.2677687970 0.0000000000
0.0047226672 0.0000000000 0.0047233754
0.0000000000 0.4201202462 0.0000000000
0.0000000000 0.2815219427 0.0000000000
0.0000000000 0.4141425876 0.0000000000
0.0000000000 0.3395730535 0.0000000000
0.0000000000 0.3815440151 0.0000000000
0.0000000000 0.0233270728 0.0000000000
0.0000000000 0.0043221309 0.0000000000
0.0027657069 0.0000000000 0.0027657069
0.0000000000 0.1495553454 0.0000000000
0.0000000000 0.1757622474 0.0000000000
0.0000000000 0.4073848411 0.0000000000
0.0000000000 0.0848054750 0.0000000000
0.0000000000 0.3225726678 0.0000000000
0.0000000000 0.4156521550 0.0000000000
0.0000000000 0.1456729269 0.0000000000
0.0000000000 0.3368328742 0.0000000000
0.0000000000 0.0949193327 0.0000000000
0.0000000000 0.2283172491 0.0000010858
0.0000000000 0.1610802177 0.0000000000
0.0000000000 0.4095489173 0.0000000000
0.0000000000 0.0300445483 0.0000000000
0.0000000000 0.1757622474 0.0000000000
0.0000000000 0.1833974117 0.0000000000
0.0000000000 0.0626489127 0.0000000000
0.0000000000 0.0454034503 0.0000000000
0.0000007221 0.2024229906 0.0000000000
0.0000000000 0.2677687970 0.0000000000
0.0000000000 0.3501147530 0.0000000000
0.0000000000 0.3691331760 0.0000000000
0.0000010870 0.2394859399 0.0000000000
0.0000000000 0.0075703633 0.0000000000
0.0000000000 0.3340502734 0.0000000000
0.0000000000 0.4095489173 0.0000000000
0.0000000000 0.3905420752 0.0000000000
0.0000000000 0.2882538571 0.0000000000
0.0000000000 0.0012339583 0.0000000000
0.0000000000 0.4190549236 0.0000000000
0.0000007110 0.0377434704 0.0000000000
0.0076570873 0.0000000000 0.0076570873
0.0000000000 0.1534176211 0.0000000000
0.0000000000 0.0092030022 0.0000000000
0.0000000000 0.0656460941 0.0000000000
0.0000000000 0.4207591238 0.0000000000
0.0000000000 0.3422718756 0.0000000000
0.0000000000 0.3888424689 0.0000000000
0.0000000000 0.4156532604 0.0000000000
0.0000000000 0.3225726678 0.0000000000
0.0000000000 0.4169750957 0.0000000000
0.0000000000 0.0043221309 0.0000000000
0.0000000000 0.3225726678 0.0000000000
0.0000000000 0.4186059727 0.0000000000
0.0000000000 0.3449289423 0.0000000000
0.0000000000 0.3501147530 0.0000000000
0.0000010653 0.0255661197 0.0000000000
0.0000010670 0.0428554437 0.0000000000
0.0000000000 0.2245313740 0.0000000000
0.0000000000 0.4149207408 0.0000000000
0.0000000000 0.3623276746 0.0000000000
0.0000000000 0.1270904473 0.0000000000
0.0000000000 0.2320708127 0.0000000000
0.0000007155 0.1050384905 0.0000000000
0.0000000000 0.3853092517 0.0000000000
0.0000000000 0.0454034503 0.0000000000
0.0000000000 0.0255661197 0.0000000000
0.0000000000 0.2980727366 0.0000000000
0.0000000000 0.2171582117 0.0000000000
0.0000000000 0.0848054750 0.0000000000
0.0000000000 0.4011679840 0.0000000000
0.0000000000 0.4198120655 0.0000000000
0.0000000000 0.2746431167 0.0000000000
0.0000000000 0.3734484206 0.0000000000
0.0000000000 0.2245313740 0.0000000000
0.0000000000 0.2746431167 0.0000000000
0.0000000000 0.1343136266 0.0000000000
0.0000000000 0.4201202462 0.0000000000
0.0000000000 0.4205932256 0.0000000000
0.0000000000 0.1948920652 0.0000000000
0.0000007371 0.4181098640 0.0000000000
0.0000000000 0.2394848529 0.0000000000
0.0000000000 0.0780068416 0.0000000000
0.0000000000 0.3044299453 0.0000000000
0.0000000000 0.3905409724 0.0000000000
0.0000000000 0.0881881982 0.0000000000
0.0000000000 0.3623276746 0.0000000000
0.0063439906 0.0000000000 0.0063439906
0.0000000000 0.0814113290 0.0000000000
0.0000000000 0.3938045996 0.0000000000
0.0000000000 0.1198026678 0.0000000000
0.0000000000 0.4209718460 0.0000000000
0.0000000000 0.2980727366 0.0000000000
0.0000000000 0.4203797739 0.0000000000
0.0000000000 0.4190549236 0.0000000000
0.0000000000 0.3340510046 0.0000007312
0.0000007271 0.2746438437 0.0000000000
0.0000000000 0.4156521550 0.0000000000
0.0000000000 0.0505849244 0.0000000000
0.0000000000 0.1610812966 0.0000000000
0.0000000000 0.4025041648 0.0000000000
0.0000000000 0.0982655773 0.0000000000
0.0000000000 0.1795148337 0.0000000000
0.0000000000 0.0278074092 0.0000000000
0.0059966606 0.0000000000 0.0059966606
0.0000010881 0.2503701665 0.0000000000
0.0000000000 0.0656460941 0.0000000000
0.0000000000 0.3599721996 0.0000000000
0.0000000000 0.4181098640 0.0000000000
0.0000000000 0.2431449014 0.0000000000
0.0000000000 0.0124856930 0.0000010640
0.0000007221 0.2024229906 0.0000000000
0.0000000000 0.1124514949 0.0000000000
0.0076581493 0.0000000000 0.0076570873
0.0066842287 0.0000000000 0.0066842287
0.0000000000 0.1307107478 0.0000000000
0.0000007312 0.3340510046 0.0000000000
0.0000000000 0.0626496253 0.0000007127
0.0000000000 0.3501147530 0.0000000000
0.0000000000 0.3225726678 0.0000000000
0.0000000000 0.0626489127 0.0000000000
0.0000000000 0.3254548593 0.0000000000
0.0000000000 0.1417714646 0.0000000000
0.0000000000 0.2980727366 0.0000000000
0.0000000000 0.3623276746 0.0000000000
0.0000007314 0.3368328742 0.0000000000
0.0000000000 0.0745905958 0.0000000000
0.0000000000 0.3575725533 0.0000000000
0.0000000000 0.4181098640 0.0000000000
0.0000000000 0.1161345049 0.0000000000
0.0000000000 0.2024229906 0.0000000000
0.0000000000 0.3312263816 0.0000000000
0.0000000000 0.4095489173 0.0000000000
0.0000000000 0.3713131395 0.0000000000
0.0000007343 0.3775862946 0.0000000000
0.0000000000 0.1234548931 0.0000000000
0.0000000000 0.3795873659 0.0000000000
0.0000000000 0.0949182605 0.0000000000
0.0000000000 0.3368328742 0.0000007314
0.0000000000 0.4201191403 0.0000000000
0.0000000000 0.1378994250 0.0000000000
0.0000000000 0.0915605596 0.0000000000
0.0027657069 0.0000000000 0.0027657069
0.0000000000 0.3853092517 0.0000000000
0.0000000000 0.0233270728 0.0000000000
0.0000000000 0.3691331760 0.0000000000
0.0000000000 0.4133166007 0.0000000000
0.0000000000 0.1910856946 0.0000000000
0.0000000000 0.0915584158 0.0000000000
0.0007800523 0.0000000000 0.0007800523
0.0000000000 0.2781008757 0.0000000000
0.0000000000 0.0059432889 0.0000000000
0.0000000000 0.1833974117 0.0000000000
0.0000010770 0.1417714646 0.0000000000
0.0000007133 0.0716151591 0.0000000000
0.0000000000 0.0505838567 0.0000000000
0.0000000000 0.3106345256 0.0000007296
0.0000000000 0.3422718756 0.0000000000
0.0000007218 0.1986712939 0.0000000000
0.0027657069 0.0000000000 0.0027657069
0.0000000000 0.1647855152 0.0000010793
0.0000000000 0.1198026678 0.0000000000
0.0000000000 0.0075703633 0.0000000000
0.0000000000 0.0716151591 0.0000007133
0.0000007268 0.2711505189 0.0000000000
0.0000000000 0.0982655773 0.0000000000
0.0000000000 0.1872550958 0.0000000000
0.0000000000 0.2539331410 0.0000000000
0.0000000000 0.1872550958 0.0000000000
0.0000000000 0.3225726678 0.0000000000
0.0000010736 0.1087532951 0.0000000000
0.0000000000 0.1795148337 0.0000000000
0.0000007123 0.0566328487 0.0000000000
0.0000000000 0.2357942034 0.0000000000
0.0000000000 0.3501147530 0.0000000000
0.0000000000 0.1872550958 0.0000000000
0.0000000000 0.4209718460 0.0000000000
0.0000010646 0.0188617345 0.0000000000
0.0000000000 0.4207591238 0.0000000000
0.0000000000 0.4084902052 0.0000000000
0.0000011028 0.3905420752 0.0000000000
0.0056418838 0.0000000000 0.0056418838
0.0000000000 0.3044299453 0.0000000000
0.0000000000 0.4011679840 0.0000000000
0.0000000000 0.2283161633 0.0000000000
0.0000000000 0.3795873659 0.0000000000
0.0000000000 0.0479460131 0.0000000000
0.0000000000 0.4133166007 0.0000000000
0.0000000000 0.4198120655 0.0000000000
0.0000000000 0.0166340185 0.0000000000
0.0000007110 0.0377434704 0.0000000000
0.0000000000 0.4149207408 0.0000000000
0.0000000000 0.3551291326 0.0000000000
0.0000000000 0.4163379257 0.0000000000
0.0000000000 0.3575725533 0.0000000000
0.0000000000 0.0848054750 0.0000000000
0.0000000000 0.2711497921 0.0000000000
0.0000000000 0.3166829206 0.0000000000
0.0000000000 0.3968868151 0.0000000000
0.0000000000 0.3997859853 0.0000000000
0.0000000000 0.3921956358 0.0000000000
0.0000000000 0.4190549236 0.0000000000
0.0000000000 0.4011668801 0.0000000000
0.0000000000 0.1495553454 0.0000000000
0.0000000000 0.1610812966 0.0000010789
0.0000000000 0.4011679840 0.0000000000
0.0000000000 0.3225726678 0.0000000000
0.0000000000 0.2394848529 0.0000000000
0.0073413073 0.0000000000 0.0073413073
0.0000000000 0.3968868151 0.0000000000
0.0000000000 0.1872550958 0.0000000000
0.0000000000 0.0059432889 0.0000000000
0.0000000000 0.1456729269 0.0000000000
0.0000000000 0.1872550958 0.0000000000
0.0000000000 0.0428554437 0.0000010670
0.0000000000 0.1270904473 0.0000000000
0.0000000000 0.1198026678 0.0000000000
0.0000000000 0.3983592907 0.0000000000
0.0000000000 0.4190549236 0.0000000000
0.0000000000 0.0210934619 0.0000010649
0.0000000000 0.3254555899 0.0000007306
0.0000000000 0.3599721996 0.0000000000
0.0000000000 0.0166340185 0.0000000000
0.0000000000 0.3755397259 0.0000000000
0.0000000000 0.2320708127 0.0000007241
0.0000000000 0.1757622474 0.0000000000
0.0000000000 0.2781008757 0.0000000000
0.0000000000 0.3599721996 0.0000000000
0.0000000000 0.0012339583 0.0000000000
0.0000000000 0.0027065323 0.0000000000
0.0000000000 0.1234548931 0.0000000000
0.0000000000 0.1534176211 0.0000000000
0.0000000000 0.1015996392 0.0000007153
0.0000000000 0.3795873659 0.0000000000
0.0000000000 0.3340502734 0.0000000000
0.0000000000 0.2677687970 0.0000000000
0.0000007133 0.0716151591 0.0000000000
0.0000000000 0.1833974117 0.0000000000
0.0000000000 0.1087522215 0.0000000000
0.0000000000 0.4095489173 0.0000000000
0.0047233754 0.0000000000 0.0047233754
0.0000000000 0.0210923970 0.0000000000
0.0000000000 0.3575725533 0.0000000000
0.0000007129 0.0656460941 0.0000000000
0.0000000000 0.2171592964 0.0000010847
0.0000000000 0.4124450018 0.0000000000
0.0000000000 0.0814123999 0.0000000000
0.0000000000 0.4025041648 0.0000000000
0.0000000000 0.2539331410 0.0000000000
0.0000000000 0.3599721996 0.0000000000
0.0000000000 0.4050367939 0.0000000000
0.0000000000 0.0059432889 0.0000000000
0.0000000000 0.3834554827 0.0000000000
0.0027657069 0.0000000000 0.0027657069
0.0000000000 0.2283161633 0.0000000000
0.0000000000 0.1910856946 0.0000000000
0.0000000000 0.2207728983 0.0000000000
0.0000000000 0.3012703567 0.0000007289
0.0000000000 0.4186059727 0.0000000000
0.0000007160 0.1124514949 0.0000000000
0.0000000000 0.3575725533 0.0000010993
0.0000000000 0.1015996392 0.0000007153
0.0000000000 0.0596447330 0.0000000000
0.0000000000 0.3475427574 0.0000000000
0.0000000000 0.2135162104 0.0000000000
0.0000000000 0.1721258341 0.0000000000
0.0000000000 0.0300445483 0.0000000000
0.0000000000 0.1378994250 0.0000000000
0.0000000000 0.2643605625 0.0000000000
0.0000000000 0.0656460941 0.0000000000
0.0000000000 0.0012339583 0.0000000000
0.0000000000 0.2283161633 0.0000000000
0.0000000000 0.3501147530 0.0000000000
0.0000000000 0.3953685780 0.0000000000
0.0017768216 0.0000000000 0.0017757590
0.0000000000 0.3044299453 0.0000000000
0.0000000000 0.0092030022 0.0000000000
0.0000000000 0.2849062817 0.0000000000
0.0000000000 0.3853092517 0.0000000000
0.0000000000 0.1015996392 0.0000007153
0.0000000000 0.2882538571 0.0000000000
0.0000000000 0.4163379257 0.0000000000
0.0000000000 0.4169750957 0.0000000000
0.0000000000 0.3044299453 0.0000000000
0.0000010653 0.0255661197 0.0000000000
0.0000000000 0.1721258341 0.0000000000
0.0000000000 0.4181098640 0.0000000000
0.0000000000 0.1234548931 0.0000000000
0.0000000000 0.2677687970 0.0000000000
0.0000000000 0.4209478822 0.0000000000
0.0000000000 0.3526430669 0.0000000000
0.0000000000 0.0092030022 0.0000000000
0.0000007363 0.4062346806 0.0000000000
0.0000000000 0.3815440151 0.0000000000
0.0000007133 0.0716151591 0.0000000000
0.0000000000 0.4186059727 0.0000000000
0.0000007129 0.0656460941 0.0000000000
0.0000000000 0.1161345049 0.0000000000
0.0000011059 0.4201202462 0.0000000000
0.0000000000 0.1872550958 0.0000000000
0.0000000000 0.3254548593 0.0000000000
0.0000011040 0.4025041648 0.0000000000
0.0000000000 0.1684665558 0.0000000000
0.0000000000 0.0002242489 0.0000010628
0.0000011058 0.4190560294 0.0000000000
0.0000000000 0.2320708127 0.0000000000
0.0000000000 0.4050367939 0.0000000000
0.0000000000 0.3623276746 0.0000000000
0.0000007211 0.1872558168 0.0000000000
0.0000000000 0.0144120850 0.0000010642
0.0000000000 0.4011668801 0.0000000000
0.0000000000 0.4050367939 0.0000000000
0.0000000000 0.3853092517 0.0000000000
0.0000000000 0.4037934059 0.0000000000
0.0000000000 0.2394848529 0.0000000000
0.0000000000 0.3646404149 0.0000000000
0.0000000000 0.0814113290 0.0000000000
0.0000007314 0.3368328742 0.0000000000
0.0000000000 0.2283161633 0.0000000000
0.0000010789 0.1610812966 0.0000000000
0.0000000000 0.3853092517 0.0000000000
0.0000000000 0.2948378482 0.0000000000
0.0000000000 0.3526430669 0.0000000000
0.0000000000 0.0043221309 0.0000000000
0.0000000000 0.1087522215 0.0000000000
0.0000000000 0.4141425876 0.0000000000
0.0000000000 0.4181098640 0.0000007371
0.0000000000 0.1833974117 0.0000000000
0.0000010870 0.2394859399 0.0000000000
0.0000000000 0.0982648623 0.0000000000
0.0000000000 0.4175662359 0.0000007371
0.0000000000 0.1534176211 0.0000000000
0.0000000000 0.2135162104 0.0000000000
0.0000000000 0.4203797739 0.0000000000
0.0000000000 0.0166340185 0.0000000000
0.0000000000 0.3575725533 0.0000000000
0.0000007127 0.0626496253 0.0000000000
0.0000000000 0.3834554827 0.0000000000
0.0000000000 0.3888424689 0.0000000000
0.0000000000 0.2882538571 0.0000000000
0.0000000000 0.4175662359 0.0000000000
0.0000000000 0.2431449014 0.0000000000
0.0000000000 0.3938045996 0.0000000000
0.0000000000 0.0848065462 0.0000000000
0.0000000000 0.3983592907 0.0000000000
0.0000000000 0.4095489173 0.0000000000
0.0000000000 0.1343136266 0.0000000000
0.0000007343 0.3775862946 0.0000000000
0.0000000000 0.3312263816 0.0000000000
0.0000000000 0.3283615976 0.0000000000
0.0000000000 0.1721258341 0.0000000000
0.0000000000 0.2746431167 0.0000000000
0.0000000000 0.4198120655 0.0000000000
0.0000000000 0.0108415627 0.0000000000
0.0000000000 0.0505849244 0.0000000000
0.0000000000 0.4175662359 0.0000007371
0.0000000000 0.4194574478 0.0000000000
0.0000000000 0.2245313740 0.0000000000
0.0056418838 0.0000000000 0.0056418838
0.0000007271 0.2746438437 0.0000000000
0.0000000000 0.0027065323 0.0000000000
0.0000000000 0.0536118422 0.0000000000
0.0000000000 0.0188617345 0.0000000000
0.0000000000 0.4141425876 0.0000000000
0.0000000000 0.0210923970 0.0000000000
0.0000000000 0.3905420752 0.0000000000
0.0000000000 0.3395730535 0.0000000000
0.0000000000 0.3775862946 0.0000000000
0.0000000000 0.4011668801 0.0000000000
0.0000000000 0.3734484206 0.0000000000
0.0073413073 0.0000000000 0.0073413073
0.0000000000 0.3254555899 0.0000007306
0.0000000000 0.3136779897 0.0000000000
0.0000000000 0.0144110208 0.0000010642
0.0000000000 0.4124450018 0.0000000000
0.0000011039 0.4011679840 0.0000000000
0.0000000000 0.4194574478 0.0000000000
0.0000000000 0.0012339583 0.0000000000
0.0000000000 0.3853092517 0.0000000000
0.0000000000 0.2948371198 0.0000000000
0.0000010670 0.0428554437 0.0000000000
0.0000000000 0.3734484206 0.0000000000
0.0000000000 0.1378994250 0.0000000000
0.0000000000 0.0027065323 0.0000000000
0.0000000000 0.4050367939 0.0000000000
0.0000000000 0.0626496253 0.0000007127
0.0000000000 0.3254548593 0.0000000000
0.0000000000 0.0915605596 0.0000000000
0.0000000000 0.4133166007 0.0000000000
0.0000000000 0.4133166007 0.0000000000
0.0000000000 0.4133166007 0.0000000000
0.0000000000 0.1417714646 0.0000000000
0.0000000000 0.0915605596 0.0000000000
0.0000000000 0.1378994250 0.0000000000
0.0000000000 0.1161345049 0.0000000000
0.0000000000 0.0255661197 0.0000000000
0.0000000000 0.1456729269 0.0000000000
0.0000000000 0.1198026678 0.0000000000
0.0000000000 0.0403023529 0.0000000000
0.0056418838 0.0000000000 0.0056418838
0.0007800523 0.0000000000 0.0007800523
0.0000000000 0.4190549236 0.0000000000
0.0000000000 0.3968868151 0.0000000000
0.0000010839 0.2098465612 0.0000000000
0.0059966606 0.0000000000 0.0059966606
0.0000000000 0.4203805113 0.0000007373
0.0000000000 0.0536118422 0.0000000000
0.0000000000 0.4133166007 0.0000000000
0.0000000000 0.2574443344 0.0000000000
0.0000000000 0.4169750957 0.0000000000
0.0000000000 0.1948920652 0.0000010824
0.0000000000 0.3691331760 0.0000000000
0.0000000000 0.0092030022 0.0000000000
0.0000000000 0.3526441657 0.0000000000
0.0017757590 0.0000000000 0.0017768216
0.0000000000 0.1198026678 0.0000000000
0.0000007211 0.1872558168 0.0000000000
0.0000000000 0.2135162104 0.0000000000
0.0000000000 0.1647855152 0.0000010793
0.0000000000 0.4181098640 0.0000007371
0.0000000000 0.2357931168 0.0000000000
0.0000000000 0.3283615976 0.0000000000
0.0000000000 0.3012703567 0.0000000000
0.0000000000 0.2061482095 0.0000000000
0.0000000000 0.3136779897 0.0000000000
0.0000000000 0.2431449014 0.0000000000
0.0000000000 0.1534176211 0.0000000000
0.0000000000 0.3449289423 0.0000000000
0.0000000000 0.2915639055 0.0000000000
0.0000000000 0.0108415627 0.0000000000
0.0047233754 0.0000000000 0.0047233754
0.0000000000 0.1948920652 0.0000000000
0.0000000000 0.2815219427 0.0000000000
0.0000000000 0.3938045996 0.0000000000
0.0000000000 0.0278074092 0.0000000000
0.0000000000 0.4186059727 0.0000000000
0.0000000000 0.3734484206 0.0000000000
0.0000000000 0.1456729269 0.0000000000
0.0000000000 0.3575725533 0.0000000000
0.0000000000 0.2849062817 0.0000000000
0.0000000000 0.2207728983 0.0000000000
0.0000000000 0.2503690784 0.0000000000
0.0000000000 0.3599721996 0.0000000000
0.0000000000 0.4205932256 0.0000000000
0.0000000000 0.3136787194 0.0000000000
0.0063439906 0.0000000000 0.0063446987
0.0000000000 0.3691331760 0.0000000000
0.0000000000 0.0166340185 0.0000000000
0.0000000000 0.0881892698 0.0000000000
0.0000000000 0.4105605949 0.0000000000
0.0000000000 0.3225726678 0.0000000000
0.0000000000 0.0780068416 0.0000000000
0.0000000000 0.0233270728 0.0000000000
0.0000000000 0.3254548593 0.0000000000
0.0000000000 0.3755397259 0.0000000000
0.0000000000 0.2677687970 0.0000000000
0.0000000000 0.0002242489 0.0000010628
0.0000000000 0.1684665558 0.0000000000
0.0000000000 0.2574443344 0.0000000000
0.0000000000 0.1198026678 0.0000000000
0.0000000000 0.0656460941 0.0000000000
0.0000000000 0.1161345049 0.0000000000
0.0000000000 0.4149207408 0.0000000000
0.0000000000 0.3953685780 0.0000000000
0.0000000000 0.0027065323 0.0000000000
0.0000000000 0.3551291326 0.0000000000
0.0000000000 0.0255661197 0.0000000000
0.0000000000 0.0745905958 0.0000000000
0.0000000000 0.1684665558 0.0000000000
0.0066842287 0.0000000000 0.0066842287
0.0000000000 0.1417714646 0.0000000000
0.0000000000 0.1378994250 0.0000000000
0.0000000000 0.3623276746 0.0000000000
0.0000000000 0.2503690784 0.0000000000
0.0000000000 0.0596447330 0.0000000000
0.0000007211 0.1872558168 0.0000000000
0.0000000000 0.2915639055 0.0000000000
0.0000000000 0.3669089250 0.0000000000
0.0000000000 0.0848065462 0.0000000000
0.0000010870 0.2394859399 0.0000000000
0.0000000000 0.0949193327 0.0000000000
0.0000000000 0.0278074092 0.0000000000
0.0000000000 0.0108415627 0.0000000000
0.0000000000 0.3888424689 0.0000000000
0.0000000000 0.2431449014 0.0000000000
0.0000000000 0.2948378482 0.0000000000
0.0000000000 0.0012339583 0.0000000000
0.0000000000 0.4175662359 0.0000007371
0.0000000000 0.4115255923 0.0000000000
0.0000000000 0.4209478822 0.0000000000
0.0000000000 0.1910856946 0.0000000000
0.0000000000 0.4209478822 0.0000000000
0.0000000000 0.0144110208 0.0000010642
0.0000000000 0.4201191403 0.0000000000
0.0000000000 0.4194574478 0.0000000000
0.0000000000 0.0059432889 0.0000000000
0.0000000000 0.2467728668 0.0000000000
0.0000000000 0.3044299453 0.0000000000
0.0000000000 0.4209718460 0.0000000000
0.0073402453 0.0000000000 0.0073413073
0.0000000000 0.0075703633 0.0000000000
0.0000000000 0.4115255923 0.0000000000
0.0000000000 0.3815440151 0.0000000000
0.0000000000 0.2915649979 0.0000000000
0.0017768216 0.0000000000 0.0017768216
0.0000000000 0.1307107478 0.0000000000
0.0000000000 0.1456729269 0.0000000000
0.0000000000 0.0848065462 0.0000000000
0.0000000000 0.1948920652 0.0000000000
0.0000000000 0.1015996392 0.0000000000
0.0000000000 0.2207728983 0.0000000000
0.0000007363 0.4062346806 0.0000000000
0.0000000000 0.2609196691 0.0000000000
0.0000000000 0.4095489173 0.0000000000
0.0000000000 0.0043221309 0.0000000000
0.0000000000 0.1948920652 0.0000000000
0.0000000000 0.2781008757 0.0000000000
0.0027657069 0.0000000000 0.0027657069
0.0000000000 0.0002231861 0.0000000000
0.0000000000 0.1757622474 0.0000000000
0.0000000000 0.3888424689 0.0000000000
0.0000000000 0.2711497921 0.0000000000
0.0000000000 0.4073848411 0.0000000000
0.0000011028 0.3905420752 0.0000000000
0.0000000000 0.4037934059 0.0000000000
0.0000000000 0.0108415627 0.0000000000
0.0000000000 0.4175662359 0.0000007371
0.0000000000 0.3475427574 0.0000000000
0.0027657069 0.0000000000 0.0027657069
0.0000000000 0.0326136771 0.0000000000
0.0017757590 0.0000000000 0.0017768216
0.0000000000 0.3938045996 0.0000000000
0.0000000000 0.4205932256 0.0000000000
0.0000000000 0.1610812966 0.0000010789
0.0000007221 0.2024229906 0.0000000000
0.0000000000 0.2431449014 0.0000000000
0.0000000000 0.3713131395 0.0000000000
0.0000000000 0.4198120655 0.0000000000
0.0066842287 0.0000000000 0.0066842287
0.0000000000 0.1572590130 0.0000000000
0.0000000000 0.2643605625 0.0000000000
0.0056418838 0.0000000000 0.0056418838
0.0000000000 0.4095489173 0.0000000000
0.0000000000 0.4163379257 0.0000000000
0.0073402453 0.0000000000 0.0073413073
0.0000000000 0.3953685780 0.0000000000
0.0000007110 0.0377434704 0.0000000000
0.0000000000 0.2882538571 0.0000000000
0.0000000000 0.3888424689 0.0000000000
0.0000000000 0.0656460941 0.0000000000
0.0000000000 0.4062346806 0.0000007363
0.0000000000 0.3691331760 0.0000000000
0.0000000000 0.3905409724 0.0000000000
0.0000000000 0.3106345256 0.0000007296
0.0007800523 0.0000000000 0.0007800523
0.0000007371 0.4181098640 0.0000000000
0.0000000000 0.3395730535 0.0000000000
0.0000000000 0.2171592964 0.0000010847
0.0000000000 0.0166340185 0.0000000000
0.0000000000 0.4156532604 0.0000000000
0.0000000000 0.4169750957 0.0000000000
0.0000000000 0.3755397259 0.0000000000
0.0000000000 0.3938045996 0.0000000000
0.0000000000 0.2609196691 0.0000000000
0.0000000000 0.0351809329 0.0000000000
0.0000000000 0.0144099566 0.0000000000
0.0000000000 0.2915639055 0.0000000000
0.0000000000 0.1948920652 0.0000000000
0.0000000000 0.4084902052 0.0000000000
0.0000000000 0.0043221309 0.0000000000
0.0000000000 0.3795873659 0.0000000000
0.0000000000 0.2574443344 0.0000000000
0.0047233754 0.0000000000 0.0047233754
0.0000000000 0.1417714646 0.0000000000
0.0000000000 0.4050367939 0.0000000000
0.0000000000 0.2609196691 0.0000000000
0.0000000000 0.3368328742 0.0000007314
0.0000000000 0.4209478822 0.0000000000
0.0017768216 0.0000000000 0.0017757590
0.0000000000 0.4115255923 0.0000000000
0.0000000000 0.0428554437 0.0000000000
0.0000000000 0.0144099566 0.0000000000
0.0000000000 0.2882538571 0.0000000000
0.0000000000 0.3225726678 0.0000000000
0.0000000000 0.4198120655 0.0000000000
0.0000000000 0.3834554827 0.0000000000
0.0000000000 0.2394848529 0.0000000000
0.0000000000 0.0300445483 0.0000000000
0.0000000000 0.4205932256 0.0000000000
0.0000000000 0.4190549236 0.0000000000
0.0000000000 0.3526441657 0.0000000000
0.0000000000 0.0300445483 0.0000000000
0.0000000000 0.0278074092 0.0000000000
0.0000000000 0.2948371198 0.0000000000
0.0000000000 0.1378994250 0.0000000000
0.0000011028 0.3905420752 0.0000000000
0.0000000000 0.3449289423 0.0000000000
0.0000000000 0.4175662359 0.0000007371
0.0000000000 0.3921956358 0.0000000000
0.0000000000 0.1684665558 0.0000000000
0.0000000000 0.3623276746 0.0000000000
0.0000000000 0.3422718756 0.0000000000
0.0000000000 0.2245313740 0.0000000000
0.0000000000 0.3870983093 0.0000000000
0.0000000000 0.1910856946 0.0000000000
0.0000000000 0.4105605949 0.0000000000
0.0000000000 0.3870983093 0.0000000000
0.0000000000 0.2171582117 0.0000000000
0.0073402453 0.0000000000 0.0073413073
0.0000000000 0.3997859853 0.0000000000
0.0000000000 0.1495553454 0.0000000000
0.0000000000 0.3713131395 0.0000000000
0.0000000000 0.1015996392 0.0000007153
0.0000000000 0.2171582117 0.0000000000
0.0000000000 0.3449289423 0.0000000000
0.0000000000 0.1417714646 0.0000000000
0.0000000000 0.1124514949 0.0000000000
0.0000000000 0.0505838567 0.0000000000
0.0056418838 0.0000000000 0.0056418838
0.0000000000 0.4198120655 0.0000000000
0.0000000000 0.1572590130 0.0000000000
0.0000000000 0.0027065323 0.0000000000
0.0000000000 0.4124450018 0.0000000000
0.0000000000 0.1495553454 0.0000000000
0.0000000000 0.2357942034 0.0000000000
0.0000000000 0.0982648623 0.0000000000
0.0000000000 0.4209478822 0.0000000000
0.0000000000 0.3312263816 0.0000000000
0.0066842287 0.0000000000 0.0066842287
0.0000000000 0.4169750957 0.0000000000
0.0000000000 0.0075703633 0.0000000000
0.0000000000 0.2781008757 0.0000000000
0.0000000000 0.0949193327 0.0000000000
0.0000000000 0.2781008757 0.0000000000
0.0000000000 0.0255661197 0.0000000000
0.0000000000 0.2135162104 0.0000000000
0.0000000000 0.3938045996 0.0000000000
0.0000010953 0.3196489199 0.0000000000
0.0000000000 0.2135162104 0.0000000000
0.0000000000 0.2061482095 0.0000000000
0.0000000000 0.0377434704 0.0000000000
0.0000000000 0.2781008757 0.0000000000
0.0000000000 0.0982655773 0.0000000000
0.0000000000 0.2815219427 0.0000000000
0.0000000000 0.2677687970 0.0000000000
0.0000000000 0.3312263816 0.0000000000
0.0000000000 0.2061482095 0.0000000000
0.0000000000 0.3734484206 0.0000000000
0.0000000000 0.1378994250 0.0000000000
0.0000000000 0.3853092517 0.0000000000
0.0000000000 0.1495553454 0.0000000000
0.0000000000 0.2609196691 0.0000000000
0.0000000000 0.4084902052 0.0000000000
0.0000000000 0.3938045996 0.0000000000
0.0000000000 0.4084902052 0.0000000000
0.0000000000 0.3422718756 0.0000000000
0.0000000000 0.1161345049 0.0000000000
0.0000000000 0.2245313740 0.0000000000
0.0000000000 0.2643605625 0.0000000000
0.0000000000 0.3449289423 0.0000000000
0.0000000000 0.0144099566 0.0000000000
0.0000000000 0.0059432889 0.0000000000
0.0000000000 0.1910867766 0.0000010820
0.0000000000 0.3422718756 0.0000000000
0.0000000000 0.1198026678 0.0000000000
0.0000010953 0.3196489199 0.0000000000
0.0063446987 0.0000000000 0.0063446987
0.0000007312 0.3340510046 0.0000000000
0.0000000000 0.0012339583 0.0000000000
0.0000000000 0.1833974117 0.0000000000
0.0000000000 0.0596447330 0.0000000000
0.0000000000 0.4203805113 0.0000007373
0.0000000000 0.0814113290 0.0000000000
0.0000000000 0.2574443344 0.0000000000
0.0000000000 0.2357942034 0.0000000000
0.0000000000 0.1833981325 0.0000000000
0.0000000000 0.0075703633 0.0000000000
0.0000000000 0.2431449014 0.0000000000
0.0000000000 0.0596447330 0.0000000000
0.0000000000 0.2882538571 0.0000000000
0.0000000000 0.1721258341 0.0000000000
0.0076570873 0.0000000000 0.0076570873
0.0000000000 0.0108415627 0.0000000000
0.0000000000 0.0188617345 0.0000000000
0.0000000000 0.1795148337 0.0000000000
0.0059966606 0.0000000000 0.0059966606
0.0000000000 0.0596447330 0.0000000000
0.0000000000 0.4149207408 0.0000000000
0.0007800523 0.0000000000 0.0007800523
0.0000000000 0.0881881982 0.0000000000
0.0000000000 0.0075703633 0.0000000000
0.0000000000 0.2677687970 0.0000000000
0.0000000000 0.0745905958 0.0000000000
0.0000000000 0.0881881982 0.0000000000
0.0000000000 0.1343136266 0.0000000000
0.0000000000 0.2882538571 0.0000000000
0.0007800523 0.0000000000 0.0007800523
0.0056418838 0.0000000000 0.0056418838
0.0000000000 0.3815440151 0.0000000000
0.0000000000 0.0351809329 0.0000000000
0.0000000000 0.2882538571 0.0000000000
0.0000000000 0.1161345049 0.0000000000
0.0000000000 0.4050367939 0.0000000000
0.0000000000 0.1986705721 0.0000000000
0.0000000000 0.0210923970 0.0000000000
0.0000000000 0.2882538571 0.0000000000
0.0000000000 0.1795148337 0.0000000000
0.0000000000 0.4011679840 0.0000000000
0.0000000000 0.1495553454 0.0000000000
0.0000000000 0.2431449014 0.0000000000
0.0000021539 0.1417714646 0.0000000000
0.0000000000 0.3713131395 0.0000000000
0.0000000000 0.3075514679 0.0000010940
0.0000000000 0.3834554827 0.0000000000
0.0000000000 0.2207728983 0.0000000000
0.0000000000 0.2135162104 0.0000000000
0.0000000000 0.3691331760 0.0000000000
0.0000000000 0.4073848411 0.0000000000
0.0000000000 0.1757622474 0.0000000000
0.0000000000 0.3599721996 0.0000000000
0.0000000000 0.4175662359 0.0000000000
0.0000000000 0.3775862946 0.0000000000
0.0000000000 0.2849062817 0.0000000000
0.0000000000 0.3136779897 0.0000000000
0.0000000000 0.4133166007 0.0000000000
0.0000007123 0.0566328487 0.0000000000
0.0059966606 0.0000000000 0.0059966606
0.0000007129 0.0656460941 0.0000000000
0.0000000000 0.1015996392 0.0000007153
0.0000000000 0.4198120655 0.0000000000
0.0000000000 0.0233270728 0.0000000000
0.0000000000 0.1234548931 0.0000000000
0.0000010670 0.0428554437 0.0000000000
0.0000000000 0.4194574478 0.0000000000
0.0000000000 0.4149207408 0.0000000000
0.0000000000 0.1087522215 0.0000000000
0.0000010793 0.1647855152 0.0000000000
0.0000000000 0.1572590130 0.0000000000
0.0000010793 0.1647855152 0.0000000000
0.0000000000 0.3623276746 0.0000000000
0.0000007251 0.2467735919 0.0000000000
0.0000000000 0.1495553454 0.0000000000
0.0000000000 0.2677687970 0.0000000000
0.0000000000 0.4050367939 0.0000000000
0.0000000000 0.0403023529 0.0000000000
0.0000000000 0.1610802177 0.0000000000
0.0000007271 0.2746438437 0.0000000000
0.0000007218 0.1986712939 0.0000000000
0.0000000000 0.3225726678 0.0000000000
0.0059966606 0.0000000000 0.0059966606
0.0000000000 0.0536118422 0.0000000000
0.0000000000 0.1124514949 0.0000007160
0.0000000000 0.1307107478 0.0000000000
0.0000000000 0.3713131395 0.0000000000
0.0000000000 0.3968868151 0.0000000000
0.0000000000 0.4169750957 0.0000000000
0.0000000000 0.3646411482 0.0000007334
0.0000000000 0.3449289423 0.0000000000
0.0000000000 0.0043221309 0.0000000000
0.0000000000 0.4156521550 0.0000000000
0.0007800523 0.0000000000 0.0007800523
0.0000000000 0.2781008757 0.0000000000
0.0000000000 0.2503690784 0.0000000000
0.0000000000 0.2467728668 0.0000000000
0.0063446987 0.0000000000 0.0063446987
0.0000000000 0.2431449014 0.0000000000
0.0000000000 0.3449289423 0.0000000000
0.0000000000 0.3921967388 0.0000011030
0.0000000000 0.2882538571 0.0000000000
0.0000000000 0.4149207408 0.0000000000
0.0000000000 0.3870983093 0.0000000000
0.0000000000 0.1721258341 0.0000000000
0.0000000000 0.0210934619 0.0000010649
0.0000000000 0.2171582117 0.0000000000
0.0000000000 0.3526430669 0.0000000000
0.0000000000 0.2948378482 0.0000000000
0.0000000000 0.0233270728 0.0000000000
0.0000000000 0.1307107478 0.0000000000
0.0000000000 0.1647855152 0.0000010793
0.0000000000 0.2171592964 0.0000010847
0.0000000000 0.1378994250 0.0000000000
0.0000000000 0.4201191403 0.0000000000
0.0000000000 0.0144110208 0.0000010642
0.0000000000 0.3870983093 0.0000000000
0.0000000000 0.3713131395 0.0000000000
0.0000000000 0.3044299453 0.0000000000
0.0000000000 0.4203797739 0.0000000000
0.0000000000 0.1910856946 0.0000000000
0.0000000000 0.1795148337 0.0000000000
0.0000000000 0.3075514679 0.0000000000
0.0000000000 0.4175662359 0.0000000000
0.0000000000 0.0454034503 0.0000000000
0.0000000000 0.0377434704 0.0000000000
0.0000000000 0.4073848411 0.0000000000
0.0000000000 0.3225726678 0.0000000000
0.0000000000 0.3713131395 0.0000000000
0.0000000000 0.2431449014 0.0000000000
0.0000007155 0.1050384905 0.0000000000
0.0000011059 0.4201202462 0.0000000000
0.0000000000 0.3646404149 0.0000000000
0.0000000000 0.4201191403 0.0000000000
0.0000010665 0.0377445369 0.0000000000
0.0000000000 0.4105605949 0.0000000000
0.0000000000 0.0188617345 0.0000000000
0.0070163133 0.0000000000 0.0070170214
0.0000007155 0.1050384905 0.0000000000
0.0070170214 0.0000000000 0.0070170214
0.0000000000 0.4037934059 0.0000000000
0.0000000000 0.3795873659 0.0000000000
0.0000000000 0.0210934619 0.0000010649
0.0000007155 0.1050384905 0.0000000000
0.0000000000 0.4050367939 0.0000000000
0.0000000000 0.3449289423 0.0000000000
0.0000000000 0.3501147530 0.0000000000
0.0000000000 0.3422718756 0.0000000000
0.0000000000 0.2061482095 0.0000000000
0.0000000000 0.3599721996 0.0000000000
0.0000007133 0.0716151591 0.0000000000
0.0000000000 0.0403023529 0.0000000000
0.0000000000 0.0233270728 0.0000000000
0.0000000000 0.1307107478 0.0000000000
0.0000000000 0.4095489173 0.0000000000
0.0000000000 0.3449289423 0.0000000000
0.0000000000 0.3953685780 0.0000000000
0.0000000000 0.3983592907 0.0000000000
0.0000000000 0.3623276746 0.0000000000
0.0000000000 0.4208774661 0.0000000000
0.0000000000 0.1795148337 0.0000000000
0.0000000000 0.1050384905 0.0000000000
0.0000010653 0.0255661197 0.0000000000
0.0000000000 0.0351809329 0.0000000000
0.0000000000 0.0012339583 0.0000000000
0.0000000000 0.3368328742 0.0000007314
0.0000000000 0.1124514949 0.0000000000
0.0000000000 0.1721258341 0.0000000000
0.0000000000 0.0745905958 0.0000000000
0.0000000000 0.3575725533 0.0000000000
0.0000000000 0.3196489199 0.0000010953
0.0000000000 0.0233270728 0.0000000000
0.0000000000 0.2711497921 0.0000000000
0.0000000000 0.2061482095 0.0000000000
0.0000000000 0.0403023529 0.0000000000
0.0000000000 0.2024229906 0.0000000000
0.0070163133 0.0000000000 0.0070163133
0.0000000000 0.2283172491 0.0000010858
0.0000000000 0.2245313740 0.0000000000
0.0000000000 0.0403023529 0.0000000000
0.0000000000 0.0027065323 0.0000000000
0.0000000000 0.4194574478 0.0000000000
0.0000000000 0.3254548593 0.0000000000
0.0059966606 0.0000000000 0.0059966606
0.0000000000 0.1270904473 0.0000000000
0.0000000000 0.0326136771 0.0000000000
0.0000000000 0.3775862946 0.0000000000
0.0000000000 0.1757622474 0.0000000000
0.0000000000 0.4095489173 0.0000000000
0.0000000000 0.0124856930 0.0000010640
0.0000011060 0.4208774661 0.0000000000
0.0000000000 0.4141425876 0.0000000000
0.0000000000 0.2061482095 0.0000000000
0.0000000000 0.0596447330 0.0000000000
0.0000000000 0.4084902052 0.0000000000
0.0000000000 0.4124450018 0.0000000000
0.0000000000 0.0377434704 0.0000000000
0.0000000000 0.2098454773 0.0000000000
0.0000007363 0.4062346806 0.0000000000
0.0000000000 0.3938045996 0.0000000000
0.0000000000 0.2915649979 0.0000000000
0.0000000000 0.4011679840 0.0000000000
0.0000000000 0.0536118422 0.0000000000
0.0000000000 0.1198026678 0.0000000000
0.0000000000 0.3340510046 0.0000007312
0.0000000000 0.4198120655 0.0000000000
0.0000000000 0.0210923970 0.0000000000
0.0073413073 0.0000000000 0.0073413073
0.0000007218 0.1986712939 0.0000000000
0.0000000000 0.4149207408 0.0000000000
0.0000000000 0.2915649979 0.0000000000
0.0000000000 0.3012703567 0.0000007289
0.0000000000 0.4105605949 0.0000000000
0.0000000000 0.1721258341 0.0000000000
0.0000000000 0.1234548931 0.0000000000
0.0000000000 0.3691331760 0.0000000000
0.0000007363 0.4062346806 0.0000000000
0.0000000000 0.4209718460 0.0000000000
0.0000000000 0.3012703567 0.0000000000
0.0056418838 0.0000000000 0.0056418838
0.0000007110 0.0377434704 0.0000000000
0.0000000000 0.0075703633 0.0000000000
0.0000000000 0.3888424689 0.0000000000
0.0000000000 0.3075514679 0.0000000000
0.0000000000 0.0814113290 0.0000000000
0.0000000000 0.4163379257 0.0000000000
0.0000000000 0.0428554437 0.0000000000
0.0000000000 0.2061482095 0.0000000000
0.0000000000 0.4124450018 0.0000000000
0.0000000000 0.1378994250 0.0000000000
0.0000000000 0.3044299453 0.0000000000
0.0000000000 0.0043221309 0.0000000000
0.0000000000 0.4208774661 0.0000000000
0.0000000000 0.2394859399 0.0000010870
0.0000000000 0.1534176211 0.0000000000
0.0000000000 0.1872550958 0.0000000000
0.0000000000 0.0536118422 0.0000000000
0.0000000000 0.4141425876 0.0000000000
0.0000000000 0.0428554437 0.0000000000
0.0000000000 0.4163379257 0.0000000000
0.0000000000 0.0233270728 0.0000000000
0.0000000000 0.2711497921 0.0000000000
0.0000000000 0.1948920652 0.0000000000
0.0000000000 0.1610812966 0.0000000000
0.0000000000 0.0144099566 0.0000000000
0.0000000000 0.3225726678 0.0000000000
0.0000000000 0.2781008757 0.0000000000
0.0000000000 0.0686341322 0.0000000000
0.0000000000 0.3475427574 0.0000000000
0.0000000000 0.4095489173 0.0000000000
0.0000000000 0.1948920652 0.0000000000
0.0000000000 0.1610812966 0.0000010789
0.0059966606 0.0000000000 0.0059966606
0.0000000000 0.1647855152 0.0000010793
0.0056418838 0.0000000000 0.0056418838
0.0000000000 0.0479470807 0.0000010675
0.0000000000 0.3395730535 0.0000000000
0.0000000000 0.0780068416 0.0000000000
0.0000000000 0.0716151591 0.0000007133
0.0000000000 0.4208774661 0.0000000000
0.0000000000 0.3755397259 0.0000000000
0.0000000000 0.3283615976 0.0000000000
0.0000000000 0.2948378482 0.0000000000
0.0000000000 0.2643605625 0.0000000000
0.0000000000 0.3136779897 0.0000000000
0.0059966606 0.0000000000 0.0059966606
0.0000000000 0.2746431167 0.0000000000
0.0000000000 0.2574443344 0.0000000000
0.0000010953 0.3196489199 0.0000000000
0.0000000000 0.3669089250 0.0000000000
0.0000000000 0.1343136266 0.0000000000
0.0000011040 0.4025041648 0.0000000000
0.0000000000 0.2245313740 0.0000000000
0.0000000000 0.2245313740 0.0000000000
0.0000000000 0.3669089250 0.0000000000
0.0000000000 0.2207728983 0.0000000000
0.0000000000 0.1198026678 0.0000000000
0.0000000000 0.4011679840 0.0000000000
0.0000000000 0.1910856946 0.0000000000
0.0000000000 0.1833981325 0.0000000000
0.0000011060 0.4208774661 0.0000000000
0.0000010839 0.2098465612 0.0000000000
0.0000000000 0.4207591238 0.0000000000
0.0000000000 0.0596447330 0.0000000000
0.0000000000 0.1610812966 0.0000000000
0.0000000000 0.0188617345 0.0000000000
0.0000000000 0.1721258341 0.0000000000
0.0000010736 0.1087532951 0.0000000000
0.0000000000 0.2283161633 0.0000000000
0.0000000000 0.4084902052 0.0000000000
0.0000000000 0.0255661197 0.0000000000
0.0000000000 0.3691331760 0.0000000000
0.0000000000 0.3623276746 0.0000000000
0.0000000000 0.3870983093 0.0000000000
0.0000000000 0.2711497921 0.0000000000
0.0000000000 0.4084902052 0.0000000000
0.0000000000 0.0716144458 0.0000000000
0.0000000000 0.0210923970 0.0000000000
0.0000000000 0.2711497921 0.0000000000
0.0000000000 0.1872550958 0.0000000000
0.0000000000 0.2781008757 0.0000000000
0.0000000000 0.0233270728 0.0000000000
0.0000000000 0.3225726678 0.0000000000
0.0070163133 0.0000000000 0.0070163133
0.0000000000 0.3166829206 0.0000000000
0.0000000000 0.3254555899 0.0000007306
0.0000011058 0.4190560294 0.0000000000
0.0000000000 0.1234548931 0.0000000000
0.0000000000 0.3368321428 0.0000000000
0.0000000000 0.3713131395 0.0000000000
0.0063439906 0.0000000000 0.0063439906
0.0000010953 0.3196489199 0.0000000000
0.0073413073 0.0000000000 0.0073413073
0.0000000000 0.0210934619 0.0000010649
0.0000000000 0.2357942034 0.0000000000
0.0000000000 0.3166829206 0.0000000000
0.0000000000 0.4011679840 0.0000000000
0.0000007221 0.2024229906 0.0000000000
0.0063446987 0.0000000000 0.0063439906
0.0000000000 0.4205932256 0.0000000000
0.0000000000 0.1795148337 0.0000000000
0.0000011040 0.4025041648 0.0000000000
0.0000000000 0.2609196691 0.0000000000
0.0000000000 0.2503690784 0.0000000000
0.0017768216 0.0000000000 0.0017757590
0.0000000000 0.0108415627 0.0000000000
0.0000000000 0.2283172491 0.0000010858
0.0000010789 0.1610812966 0.0000000000
0.0000000000 0.0536118422 0.0000000000
0.0000000000 0.3623276746 0.0000000000
0.0000000000 0.0144110208 0.0000010642
0.0000000000 0.3815440151 0.0000000000
0.0000007314 0.3368328742 0.0000000000
0.0000000000 0.3713131395 0.0000000000
0.0027657069 0.0000000000 0.0027657069
0.0076570873 0.0000000000 0.0076570873
0.0000000000 0.2207728983 0.0000000000
0.0000000000 0.4209478822 0.0000000000
0.0000000000 0.0300445483 0.0000000000
0.0000000000 0.0479470807 0.0000010675
0.0000000000 0.0949193327 0.0000000000
0.0000000000 0.3795873659 0.0000000000
0.0000000000 0.2503701665 0.0000010881
0.0000000000 0.4203797739 0.0000000000
0.0000000000 0.1124514949 0.0000000000
0.0000000000 0.0454034503 0.0000000000
0.0000000000 0.0915605596 0.0000000000
0.0000007296 0.3106345256 0.0000000000
0.0000000000 0.2948378482 0.0000000000
0.0000000000 0.0915605596 0.0000000000
0.0000000000 0.3368328742 0.0000007314
0.0000000000 0.0144099566 0.0000000000
0.0000000000 0.2207728983 0.0000000000
0.0000000000 0.0814113290 0.0000000000
0.0000000000 0.2948378482 0.0000000000
0.0000000000 0.0027065323 0.0000000000
0.0000000000 0.0428554437 0.0000010670
0.0070163133 0.0000000000 0.0070170214
0.0073413073 0.0000000000 0.0073413073
0.0000000000 0.0043221309 0.0000000000
0.0000000000 0.3997859853 0.0000000000
0.0000000000 0.1910856946 0.0000000000
0.0000000000 0.0012339583 0.0000000000
0.0000000000 0.0505849244 0.0000000000
0.0000000000 0.0012339583 0.0000000000
0.0000000000 0.4205932256 0.0000000000
0.0000000000 0.0915594877 0.0000010719
0.0000000000 0.4198120655 0.0000000000
0.0000000000 0.0002231861 0.0000000000
0.0000010736 0.1087532951 0.0000000000
0.0000000000 0.4194574478 0.0000000000
0.0000000000 0.3368328742 0.0000007314
0.0000000000 0.2781008757 0.0000000000
0.0000000000 0.2574443344 0.0000000000
0.0000000000 0.1872550958 0.0000000000
0.0000000000 0.4181098640 0.0000007371
0.0000000000 0.0351809329 0.0000000000
0.0000000000 0.3136787194 0.0000000000
0.0007800523 0.0000000000 0.0007800523
0.0000000000 0.3449289423 0.0000000000
0.0000000000 0.3044299453 0.0000000000
0.0000000000 0.1833974117 0.0000000000
0.0000000000 0.2357942034 0.0000000000
0.0000000000 0.4011679840 0.0000000000
0.0000000000 0.4209718460 0.0000000000
0.0000000000 0.0536118422 0.0000000000
0.0000000000 0.2643605625 0.0000000000
0.0000000000 0.0351809329 0.0000000000
0.0000000000 0.0596447330 0.0000000000
0.0000000000 0.0326136771 0.0000000000
0.0000000000 0.0596447330 0.0000000000
0.0000000000 0.2643605625 0.0000000000
0.0000000000 0.0300445483 0.0000000000
0.0000000000 0.4201191403 0.0000000000
0.0000000000 0.0300445483 0.0000000000
0.0007800523 0.0000000000 0.0007800523
0.0079661321 0.0000000000 0.0079661321
0.0000000000 0.3905409724 0.0000000000
0.0000000000 0.0027065323 0.0000000000
0.0000000000 0.0300445483 0.0000000000
0.0000000000 0.2677687970 0.0000000000
0.0000000000 0.4115255923 0.0000000000
0.0000000000 0.0626489127 0.0000000000
0.0000000000 0.4207591238 0.0000000000
0.0000000000 0.2849062817 0.0000000000
0.0000000000 0.0454034503 0.0000000000
0.0000000000 0.3254548593 0.0000000000
0.0000000000 0.2746431167 0.0000000000
0.0000010709 0.0814123999 0.0000000000
0.0000000000 0.3575725533 0.0000010993
0.0000000000 0.2815219427 0.0000000000
0.0000000000 0.4149207408 0.0000000000
0.0000000000 0.1757622474 0.0000000000
0.0000000000 0.1307107478 0.0000000000
0.0037477729 0.0000000000 0.0037477729
0.0000000000 0.4186059727 0.0000000000
0.0000011038 0.3997870891 0.0000000000
0.0000000000 0.3775862946 0.0000000000
0.0000000000 0.3953685780 0.0000000000
0.0000000000 0.0982655773 0.0000000000
0.0000000000 0.0881881982 0.0000000000
0.0000000000 0.4194574478 0.0000000000
0.0000000000 0.0566321365 0.0000000000
0.0000000000 0.2915649979 0.0000000000
0.0000000000 0.2948371198 0.0000000000
0.0000000000 0.3734484206 0.0000000000
0.0000000000 0.0124846290 0.0000000000
0.0000000000 0.3755397259 0.0000000000
0.0000000000 0.3283615976 0.0000000000
0.0000011059 0.4201202462 0.0000000000
0.0000000000 0.3870983093 0.0000000000
0.0063446987 0.0000000000 0.0063446987
0.0000000000 0.3938045996 0.0000000000
0.0000000000 0.0780068416 0.0000000000
0.0000000000 0.2135162104 0.0000000000
0.0000000000 0.2781008757 0.0000000000
0.0000000000 0.1234548931 0.0000000000
0.0000000000 0.4105605949 0.0000000000
0.0000000000 0.0949193327 0.0000000000
0.0000000000 0.0881881982 0.0000000000
0.0000000000 0.3669089250 0.0000000000
0.0000000000 0.0124846290 0.0000000000
0.0000000000 0.3599721996 0.0000000000
0.0000000000 0.0300445483 0.0000000000
0.0000000000 0.3734484206 0.0000000000
0.0000000000 0.4149207408 0.0000000000
0.0000000000 0.2643605625 0.0000000000
0.0000000000 0.1087522215 0.0000000000
0.0000000000 0.4175662359 0.0000000000
0.0000010770 0.1417714646 0.0000000000
0.0000000000 0.0075703633 0.0000000000
0.0000000000 0.0377434704 0.0000000000
0.0000000000 0.2915649979 0.0000000000
0.0076581493 0.0000000000 0.0076570873
0.0037477729 0.0000000000 0.0037477729
0.0000000000 0.0059432889 0.0000000000
0.0000000000 0.0059432889 0.0000000000
0.0000000000 0.0012339583 0.0000000000
0.0000000000 0.3834554827 0.0000000000
0.0000000000 0.3012703567 0.0000007289
0.0000000000 0.4141425876 0.0000000000
0.0000000000 0.0780068416 0.0000000000
0.0000000000 0.3755397259 0.0000000000
0.0000000000 0.1721258341 0.0000000000
0.0000000000 0.0377434704 0.0000000000
0.0000000000 0.1087522215 0.0000000000
0.0000000000 0.1721258341 0.0000000000
0.0000000000 0.2467735919 0.0000007251
0.0000000000 0.3475427574 0.0000000000
0.0000000000 0.1534176211 0.0000000000
0.0000000000 0.3075514679 0.0000000000
0.0000000000 0.4198120655 0.0000000000
0.0000011040 0.4025041648 0.0000000000
0.0000000000 0.0166340185 0.0000000000
0.0000000000 0.1015996392 0.0000000000
0.0000000000 0.2609196691 0.0000000000
0.0000000000 0.0233270728 0.0000000000
0.0000000000 0.1495553454 0.0000000000
0.0000000000 0.1795148337 0.0000000000
0.0000000000 0.4084902052 0.0000000000
0.0000000000 0.3870983093 0.0000000000
0.0000000000 0.1015996392 0.0000000000
0.0000000000 0.3283615976 0.0000000000
0.0000000000 0.0124856930 0.0000010640
0.0000000000 0.4037934059 0.0000000000
0.0059966606 0.0000000000 0.0059966606
0.0000000000 0.1684665558 0.0000000000
0.0000000000 0.2320708127 0.0000000000
0.0000000000 0.1495553454 0.0000000000
0.0000000000 0.2098465612 0.0000010839
0.0000000000 0.3888424689 0.0000000000
0.0017757590 0.0000000000 0.0017757590
0.0000000000 0.2882538571 0.0000000000
0.0000000000 0.1572590130 0.0000000000
0.0000000000 0.0108415627 0.0000000000
0.0000000000 0.1534176211 0.0000000000
0.0000000000 0.2357931168 0.0000000000
0.0000000000 0.0881881982 0.0000000000
0.0000000000 0.1948920652 0.0000000000
0.0000000000 0.4203797739 0.0000000000
0.0000000000 0.1456729269 0.0000000000
0.0000000000 0.3775862946 0.0000000000
0.0047226672 0.0000000000 0.0047233754
0.0000000000 0.0403023529 0.0000000000
0.0000007129 0.0656460941 0.0000000000
0.0000000000 0.2948378482 0.0000000000
0.0000000000 0.3623276746 0.0000000000
0.0000010839 0.2098465612 0.0000000000
0.0000000000 0.0536118422 0.0000000000
0.0000000000 0.0075703633 0.0000000000
0.0000000000 0.0278074092 0.0000000000
0.0000000000 0.4050367939 0.0000000000
0.0000000000 0.2135162104 0.0000000000
0.0000000000 0.2948371198 0.0000000000
0.0000000000 0.0027065323 0.0000000000
0.0000000000 0.0188617345 0.0000000000
0.0000000000 0.2171592964 0.0000010847
0.0000000000 0.4207591238 0.0000000000
0.0000000000 0.4175662359 0.0000000000
0.0000000000 0.3669089250 0.0000000000
0.0000000000 0.4095489173 0.0000000000
0.0073413073 0.0000000000 0.0073413073
0.0037477729 0.0000000000 0.0037477729
0.0000000000 0.3044299453 0.0000000000
0.0000000000 0.3340502734 0.0000000000
0.0000000000 0.3254548593 0.0000000000
0.0000000000 0.3795873659 0.0000000000
0.0000000000 0.2024229906 0.0000000000
0.0000000000 0.2061482095 0.0000000000
0.0000000000 0.4156532604 0.0000000000
0.0000000000 0.3853092517 0.0000000000
0.0000000000 0.0233270728 0.0000000000
0.0000000000 0.2746431167 0.0000000000
0.0000000000 0.4209478822 0.0000000000
0.0000000000 0.0027065323 0.0000000000
0.0066842287 0.0000000000 0.0066842287
0.0000000000 0.1795148337 0.0000000000
0.0000000000 0.4062339443 0.0000000000
0.0000011040 0.4025041648 0.0000000000
0.0000000000 0.3623276746 0.0000000000
0.0000000000 0.3395730535 0.0000000000
0.0000007314 0.3368328742 0.0000000000
0.0000000000 0.2711497921 0.0000000000
0.0000000000 0.3691331760 0.0000000000
0.0000000000 0.1124514949 0.0000000000
0.0000000000 0.2677687970 0.0000000000
0.0000000000 0.3795873659 0.0000000000
0.0000000000 0.2746431167 0.0000000000
0.0000007123 0.0566328487 0.0000000000
0.0000000000 0.0043221309 0.0000000000
0.0000000000 0.1198026678 0.0000000000
0.0000000000 0.0982648623 0.0000000000
0.0000000000 0.3815440151 0.0000000000
0.0000000000 0.1721258341 0.0000000000
0.0000000000 0.3834554827 0.0000000000
0.0000000000 0.1270904473 0.0000000000
0.0000000000 0.3395730535 0.0000000000
0.0000010839 0.2098465612 0.0000000000
0.0000000000 0.2503690784 0.0000000000
0.0000000000 0.0814113290 0.0000000000
0.0000000000 0.0351809329 0.0000000000
0.0000010736 0.1087532951 0.0000000000
0.0000000000 0.4163379257 0.0000000000
0.0000000000 0.2882538571 0.0000000000
0.0000000000 0.0982648623 0.0000000000
0.0000000000 0.0210934619 0.0000010649
0.0000000000 0.0454034503 0.0000000000
0.0000000000 0.1456729269 0.0000000000
0.0000011040 0.4025041648 0.0000000000
0.0000000000 0.1572590130 0.0000000000
0.0000000000 0.4163379257 0.0000000000
0.0000000000 0.0059432889 0.0000000000
0.0000010665 0.0377445369 0.0000000000
0.0000000000 0.3136779897 0.0000000000
0.0000000000 0.3646404149 0.0000000000
0.0000000000 0.4207591238 0.0000000000
0.0000000000 0.3283615976 0.0000000000
0.0000000000 0.3551291326 0.0000000000
0.0000000000 0.3905420752 0.0000000000
0.0000000000 0.0403023529 0.0000000000
0.0000000000 0.4037934059 0.0000000000
0.0000000000 0.1610812966 0.0000000000
0.0000000000 0.4037934059 0.0000000000
0.0000000000 0.0027065323 0.0000000000
0.0000000000 0.3853092517 0.0000000000
0.0000000000 0.0002231861 0.0000000000
0.0000000000 0.3075514679 0.0000010940
0.0000000000 0.2574443344 0.0000000000
0.0000000000 0.1684665558 0.0000000000
0.0000000000 0.2574443344 0.0000000000
0.0000007363 0.4062346806 0.0000000000
0.0000000000 0.4203797739 0.0000000000
0.0000000000 0.0059432889 0.0000000000
0.0000000000 0.4208774661 0.0000011060
0.0000000000 0.0403023529 0.0000000000
0.0000007268 0.2711505189 0.0000000000
0.0000000000 0.3795873659 0.0000000000
0.0000000000 0.4190549236 0.0000000000
0.0000000000 0.0108415627 0.0000000000
0.0000000000 0.0351809329 0.0000000000
0.0000000000 0.4209478822 0.0000000000
0.0000000000 0.4062339443 0.0000000000
0.0000000000 0.3283615976 0.0000000000
0.0000000000 0.2394848529 0.0000000000
0.0000000000 0.3526430669 0.0000000000
0.0000000000 0.1833974117 0.0000000000
0.0000000000 0.0188617345 0.0000000000
0.0000000000 0.2980727366 0.0000000000
0.0000000000 0.0144110208 0.0000010642
0.0000000000 0.2980727366 0.0000000000
0.0000000000 0.0686348452 0.0000000000
0.0000000000 0.0027065323 0.0000000000
0.0027657069 0.0000000000 0.0027657069
0.0000000000 0.4163379257 0.0000000000
0.0000000000 0.0716151591 0.0000007133
0.0000000000 0.2394848529 0.0000000000
0.0000000000 0.4175662359 0.0000000000
0.0000000000 0.0059432889 0.0000000000
0.0000000000 0.1833974117 0.0000000000
0.0000000000 0.4073848411 0.0000000000
0.0000000000 0.1757622474 0.0000000000
0.0000000000 0.1986705721 0.0000000000
0.0000000000 0.2394859399 0.0000010870
0.0000000000 0.4115255923 0.0000000000
0.0000000000 0.1795148337 0.0000000000
0.0000000000 0.3106337960 0.0000000000
0.0000000000 0.4050367939 0.0000000000
0.0000000000 0.1378994250 0.0000000000
0.0000000000 0.2467735919 0.0000007251
0.0000000000 0.0027065323 0.0000000000
0.0000000000 0.2539331410 0.0000010884
0.0000010870 0.2394859399 0.0000000000
0.0000007110 0.0377434704 0.0000000000
0.0000000000 0.0144120850 0.0000010642
0.0000000000 0.4062346806 0.0000007363
0.0000000000 0.2394848529 0.0000000000
0.0000000000 0.2781008757 0.0000000000
0.0000000000 0.0881881982 0.0000000000
0.0000000000 0.1534176211 0.0000000000
0.0000000000 0.1343136266 0.0000000000
0.0000000000 0.1343136266 0.0000000000
0.0000000000 0.0278074092 0.0000000000
0.0000000000 0.0278074092 0.0000000000
0.0000000000 0.2980727366 0.0000000000
0.0000000000 0.1647844359 0.0000000000
0.0000000000 0.3795873659 0.0000000000
0.0000000000 0.1610802177 0.0000000000
0.0000000000 0.4115255923 0.0000000000
0.0000000000 0.4141425876 0.0000000000
0.0007800523 0.0000000000 0.0007800523
0.0000000000 0.4115255923 0.0000000000
0.0000000000 0.4095489173 0.0000000000
0.0000000000 0.4156532604 0.0000000000
0.0000000000 0.4186059727 0.0000000000
0.0000000000 0.0566321365 0.0000000000
0.0000000000 0.0745905958 0.0000000000
0.0056418838 0.0000000000 0.0056418838
0.0000000000 0.1948920652 0.0000010824
0.0000000000 0.0326136771 0.0000000000
0.0000000000 0.3953685780 0.0000000000
0.0000000000 0.3044299453 0.0000000000
0.0070163133 0.0000000000 0.0070163133
0.0000000000 0.0566321365 0.0000000000
0.0000000000 0.4062346806 0.0000007363
0.0000010736 0.1087532951 0.0000000000
0.0000000000 0.4203805113 0.0000007373
0.0000000000 0.4208774661 0.0000000000
0.0000000000 0.0848054750 0.0000000000
0.0000007314 0.3368328742 0.0000000000
0.0000000000 0.2948378482 0.0000000000
0.0000000000 0.3669089250 0.0000000000
0.0000000000 0.2915639055 0.0000000000
0.0000000000 0.2677687970 0.0000000000
0.0000000000 0.4073848411 0.0000000000
0.0000000000 0.4037934059 0.0000000000
0.0000000000 0.3449289423 0.0000000000
0.0000000000 0.1124514949 0.0000000000
0.0070163133 0.0000000000 0.0070163133
0.0000000000 0.3075514679 0.0000000000
0.0000000000 0.3870983093 0.0000000000
0.0000000000 0.1610812966 0.0000010789
0.0000000000 0.0780068416 0.0000000000
0.0000000000 0.4175662359 0.0000000000
0.0000000000 0.4163379257 0.0000000000
0.0000000000 0.2135162104 0.0000000000
0.0000000000 0.4175662359 0.0000007371
0.0000000000 0.4050367939 0.0000000000
0.0000000000 0.2574443344 0.0000000000
0.0000000000 0.4209718460 0.0000000000
0.0000000000 0.2357942034 0.0000000000
0.0000007133 0.0716151591 0.0000000000
0.0000000000 0.0278074092 0.0000000000
0.0000000000 0.0780068416 0.0000000000
0.0000007123 0.0566328487 0.0000000000
0.0000000000 0.0124846290 0.0000000000
0.0000000000 0.2171592964 0.0000010847
0.0000000000 0.3599721996 0.0000000000
0.0000000000 0.3475427574 0.0000000000
0.0000000000 0.0848065462 0.0000000000
0.0000000000 0.1872550958 0.0000000000
0.0000000000 0.2171582117 0.0000000000
0.0000000000 0.2677687970 0.0000000000
0.0000000000 0.3853092517 0.0000000000
0.0000000000 0.3166829206 0.0000000000
0.0000000000 0.4209478822 0.0000000000
0.0000000000 0.0002242489 0.0000000000
0.0000000000 0.3834554827 0.0000000000
0.0000000000 0.4050367939 0.0000000000
0.0063446987 0.0000000000 0.0063439906
0.0000000000 0.1721258341 0.0000000000
0.0000000000 0.3075514679 0.0000000000
0.0000000000 0.0403023529 0.0000000000
0.0000000000 0.0012339583 0.0000000000
0.0000000000 0.3888424689 0.0000000000
0.0000000000 0.2980727366 0.0000000000
0.0000000000 0.3691331760 0.0000000000
0.0000000000 0.1910856946 0.0000000000
0.0000000000 0.2135162104 0.0000000000
0.0000000000 0.4141425876 0.0000000000
0.0000000000 0.2431449014 0.0000000000
0.0066842287 0.0000000000 0.0066842287
0.0000000000 0.4207591238 0.0000000000
0.0000000000 0.1198026678 0.0000000000
0.0000000000 0.3136787194 0.0000000000
0.0000000000 0.1833974117 0.0000000000
0.0000000000 0.4201191403 0.0000000000
0.0000000000 0.1948920652 0.0000000000
0.0000000000 0.1872550958 0.0000000000
0.0000000000 0.2283161633 0.0000000000
0.0000000000 0.4181098640 0.0000007371
0.0000000000 0.1495553454 0.0000000000
0.0000000000 0.3815440151 0.0000000000
0.0000000000 0.0027065323 0.0000000000
0.0000000000 0.4011668801 0.0000000000
0.0000000000 0.1721258341 0.0000000000
0.0000000000 0.4025041648 0.0000000000
0.0000000000 0.1721258341 0.0000000000
0.0000000000 0.2915639055 0.0000000000
0.0000000000 0.3475427574 0.0000000000
0.0000000000 0.4203797739 0.0000000000
0.0000000000 0.1417714646 0.0000000000
0.0000000000 0.3575725533 0.0000000000
0.0000000000 0.3921956358 0.0000000000
0.0000000000 0.3669089250 0.0000000000
0.0000000000 0.3501147530 0.0000000000
0.0000010839 0.2098465612 0.0000000000
0.0000000000 0.2643605625 0.0000000000
0.0000000000 0.1198026678 0.0000000000
0.0000000000 0.2135162104 0.0000000000
0.0000000000 0.4037934059 0.0000000000
0.0000000000 0.2503690784 0.0000000000
0.0000000000 0.1270904473 0.0000000000
0.0000000000 0.3755397259 0.0000000000
0.0000000000 0.1378994250 0.0000000000
0.0000000000 0.0075703633 0.0000000000
0.0000007371 0.4181098640 0.0000000000
0.0000000000 0.1534176211 0.0000000000
0.0000000000 0.1795148337 0.0000000000
0.0000007221 0.2024229906 0.0000000000
0.0000000000 0.3449289423 0.0000000000
0.0017757590 0.0000000000 0.0017757590
0.0000000000 0.2574443344 0.0000000000
0.0000000000 0.0300445483 0.0000000000
0.0000000000 0.2207728983 0.0000000000
0.0000000000 0.3075514679 0.0000000000
0.0000000000 0.4095489173 0.0000000000
0.0000007251 0.2467735919 0.0000000000
0.0000010789 0.1610812966 0.0000000000
0.0000000000 0.3501147530 0.0000000000
0.0000000000 0.1647844359 0.0000000000
0.0000000000 0.0428554437 0.0000010670
0.0000000000 0.3775862946 0.0000000000
0.0000000000 0.3983592907 0.0000000000
0.0000000000 0.1833974117 0.0000000000
0.0000000000 0.0403023529 0.0000000000
0.0000000000 0.3254555899 0.0000007306
0.0000000000 0.4105605949 0.0000000000
0.0000000000 0.0505849244 0.0000000000
0.0000000000 0.0656460941 0.0000000000
0.0027657069 0.0000000000 0.0027657069
0.0000007363 0.4062346806 0.0000000000
0.0079661321 0.0000000000 0.0079661321
0.0000000000 0.2677687970 0.0000000000
0.0000000000 0.0092030022 0.0000000000
0.0000000000 0.4175662359 0.0000007371
0.0000000000 0.4084902052 0.0000000000
0.0000000000 0.0300445483 0.0000000000
0.0000000000 0.1948920652 0.0000000000
0.0000000000 0.1495553454 0.0000000000
0.0000000000 0.0566321365 0.0000000000
0.0000000000 0.2980727366 0.0000000000
0.0000000000 0.4037934059 0.0000000000
0.0000000000 0.2245313740 0.0000000000
0.0070163133 0.0000000000 0.0070170214
0.0027657069 0.0000000000 0.0027657069
0.0000000000 0.4115255923 0.0000000000
0.0000000000 0.3012703567 0.0000000000
0.0000000000 0.0982655773 0.0000000000
0.0000000000 0.4084902052 0.0000000000
0.0000000000 0.3888424689 0.0000000000
0.0000000000 0.2539331410 0.0000010884
0.0000000000 0.4209478822 0.0000000000
0.0000000000 0.3254548593 0.0000000000
0.0000000000 0.0351809329 0.0000000000
0.0000000000 0.1270904473 0.0000000000
0.0000000000 0.0428554437 0.0000010670
0.0000000000 0.4141425876 0.0000000000
0.0000000000 0.4105605949 0.0000000000
0.0000000000 0.2394848529 0.0000000000
0.0000000000 0.0949182605 0.0000000000
0.0000000000 0.1161345049 0.0000000000
0.0000021539 0.1417714646 0.0000000000
0.0000000000 0.0166340185 0.0000000000
0.0000007343 0.3775862946 0.0000000000
0.0000000000 0.1270904473 0.0000000000
0.0000000000 0.2574443344 0.0000000000
0.0000007133 0.0716151591 0.0000000000
0.0000000000 0.0233270728 0.0000000000
0.0000010789 0.1610812966 0.0000000000
0.0000000000 0.4207591238 0.0000000000
0.0000000000 0.3815440151 0.0000000000
0.0000000000 0.2207728983 0.0000000000
0.0000000000 0.4050367939 0.0000000000
0.0000000000 0.3755397259 0.0000000000
0.0000000000 0.3526430669 0.0000000000
0.0000000000 0.0300445483 0.0000000000
0.0000000000 0.0656460941 0.0000000000
0.0000000000 0.1684665558 0.0000000000
0.0000011058 0.4190560294 0.0000000000
0.0000000000 0.0002231861 0.0000000000
0.0000000000 0.1610812966 0.0000000000
0.0000000000 0.1684665558 0.0000000000
0.0000000000 0.3905420752 0.0000000000
0.0000000000 0.0780068416 0.0000000000
0.0000000000 0.4209718460 0.0000000000
0.0000000000 0.1795148337 0.0000000000
0.0000000000 0.3691331760 0.0000000000
