0.0010031517 0.0000000000 0.0010031517
0.0060177530 0.0000000000 0.0060177530
0.0015317030 0.0000000000 0.0015317030
0.0059003537 0.0000000000 0.0059003537
0.0004130980 0.0000000000 0.0004130980
0.0014541839 0.0000000000 0.0014541839
0.0059899686 0.0000000000 0.0059899686
0.0023565772 0.0000000000 0.0023565772
0.0040425171 0.0000000000 0.0040425171
0.0051184382 0.0000000000 0.0051184382
0.0059641408 0.0000000000 0.0059641408
0.0006629061 0.0000000000 0.0006629061
0.0010031517 0.0000000000 0.0010031517
0.0025280420 0.0000000000 0.0025280420
0.0011566303 0.0000000000 0.0011566303
0.0014467452 0.0000000000 0.0014455706
0.0049027939 0.0000000000 0.0049039680
0.0047615070 0.0000000000 0.0047615070
0.0021898071 0.0000000000 0.0021905900
0.0011566303 0.0000000000 0.0011566303
0.0008019032 0.0000000000 0.0008019032
0.0018041893 0.0000000000 0.0018034063
0.0053434704 0.0000000000 0.0053434704
0.0060130570 0.0000000000 0.0060138397
0.0020989827 0.0000000000 0.0020989827
0.0008058185 0.0000000000 0.0008058185
0.0006257094 0.0000000000 0.0006257094
0.0056733777 0.0000000000 0.0056741604
0.0019435615 0.0000000000 0.0019435615
0.0003978274 0.0000000000 0.0003978274
0.0041200156 0.0000000000 0.0041188414
0.0004158389 0.0000000000 0.0004146642
0.0020989827 0.0000000000 0.0020989827
0.0007678393 0.0000000000 0.0007678393
0.0016166600 0.0000000000 0.0016166600
0.0026885429 0.0000000000 0.0026885429
0.0058944837 0.0000000000 0.0058944837
0.0059727501 0.0000000000 0.0059727501
0.0008019032 0.0000000000 0.0008019032
0.0046433098 0.0000000000 0.0046433098
0.0060197096 0.0000000000 0.0060185356
0.0056268078 0.0000000000 0.0056268078
0.0054064785 0.0000000000 0.0054064785
0.0042350879 0.0000000000 0.0042350879
0.0048570031 0.0000000000 0.0048570031
0.0018644798 0.0000000000 0.0018644798
0.0060177530 0.0000000000 0.0060177530
0.0011397947 0.0000000000 0.0011397947
0.0014455706 0.0000000000 0.0014455706
0.0037489567 0.0000000000 0.0037489567
0.0052745915 0.0000000000 0.0052745915
0.0004146642 0.0000000000 0.0004158389
0.0059520096 0.0000000000 0.0059520096
0.0034616504 0.0000000000 0.0034608675
0.0006362811 0.0000000000 0.0006362811
0.0055219270 0.0000000000 0.0055227097
0.0059946646 0.0000000000 0.0059946646
0.0006914888 0.0000000000 0.0006914888
0.0016671641 0.0000000000 0.0016659896
0.0014467452 0.0000000000 0.0014467452
0.0060024912 0.0000000000 0.0060024912
0.0004146642 0.0000000000 0.0004158389
0.0059281383 0.0000000000 0.0059269643
0.0035657705 0.0000000000 0.0035657705
0.0017822654 0.0000000000 0.0017822654
0.0021745393 0.0000000000 0.0021733648
0.0004796619 0.0000000000 0.0004796619
0.0004702647 0.0000000000 0.0004702647
0.0010806743 0.0000000000 0.0010806743
0.0059805767 0.0000000000 0.0059805767
0.0004271939 0.0000000000 0.0004271939
0.0039321394 0.0000000000 0.0039321394
0.0045501600 0.0000000000 0.0045501600
0.0057039024 0.0000000000 0.0057039024
0.0020018937 0.0000000000 0.0020018937
0.0060177530 0.0000000000 0.0060165790
0.0009021364 0.0000000000 0.0009021364
0.0051184382 0.0000000000 0.0051184382
0.0037489567 0.0000000000 0.0037489567
0.0023565772 0.0000000000 0.0023565772
0.0013065828 0.0000000000 0.0013073658
0.0045501600 0.0000000000 0.0045501600
0.0058334354 0.0000000000 0.0058334354
0.0051376151 0.0000000000 0.0051376151
0.0060118831 0.0000000000 0.0060118831
0.0022477463 0.0000000000 0.0022477463
0.0030001419 0.0000000000 0.0030001419
0.0005215578 0.0000000000 0.0005215578
0.0003958696 0.0000000000 0.0003958696
0.0058334354 0.0000000000 0.0058334354
0.0060177530 0.0000000000 0.0060177530
0.0058944837 0.0000000000 0.0058944837
0.0057982151 0.0000000000 0.0057982151
0.0056542019 0.0000000000 0.0056542019
0.0038186292 0.0000000000 0.0038186292
0.0043478105 0.0000000000 0.0043478105
0.0058659163 0.0000000000 0.0058659163
0.0016166600 0.0000000000 0.0016166600
0.0005892956 0.0000000000 0.0005885125
0.0004033092 0.0000000000 0.0004033092
0.0023565772 0.0000000000 0.0023565772
0.0037031605 0.0000000000 0.0037019862
0.0007678393 0.0000000000 0.0007678393
0.0017822654 0.0000000000 0.0017822654
0.0012521616 0.0000000000 0.0012521616
0.0035657705 0.0000000000 0.0035657705
0.0053434704 0.0000000000 0.0053434704
0.0054158709 0.0000000000 0.0054158709
0.0013617866 0.0000000000 0.0013617866
0.0057935191 0.0000000000 0.0057935191
0.0005235155 0.0000000000 0.0005235155
0.0039321394 0.0000000000 0.0039321394
0.0011566303 0.0000000000 0.0011566303
0.0004452054 0.0000000000 0.0004452054
0.0059269643 0.0000000000 0.0059269643
0.0034616504 0.0000000000 0.0034608675
0.0057982151 0.0000000000 0.0057982151
0.0022477463 0.0000000000 0.0022477463
0.0015974762 0.0000000000 0.0015963017
0.0027942371 0.0000000000 0.0027942371
0.0039998535 0.0000000000 0.0039998535
0.0042350879 0.0000000000 0.0042350879
0.0004264108 0.0000000000 0.0004264108
0.0034608675 0.0000000000 0.0034608675
0.0032091739 0.0000000000 0.0032091739
0.0006981450 0.0000000000 0.0006981450
0.0016671641 0.0000000000 0.0016659896
0.0045622930 0.0000000000 0.0045622930
0.0019369062 0.0000000000 0.0019369062
0.0018711352 0.0000000000 0.0018699607
0.0035657705 0.0000000000 0.0035657705
0.0009252369 0.0000000000 0.0009252369
0.0019369062 0.0000000000 0.0019369062
0.0005215578 0.0000000000 0.0005215578
0.0005015888 0.0000000000 0.0005027634
0.0051376151 0.0000000000 0.0051376151
0.0004033092 0.0000000000 0.0004033092
0.0003958696 0.0000000000 0.0003946950
0.0005215578 0.0000000000 0.0005215578
0.0059441829 0.0000000000 0.0059441829
0.0057602553 0.0000000000 0.0057602553
0.0030776487 0.0000000000 0.0030776487
0.0049849819 0.0000000000 0.0049838078
0.0058678730 0.0000000000 0.0058678730
0.0059214857 0.0000000000 0.0059214857
0.0056268078 0.0000000000 0.0056268078
0.0053473839 0.0000000000 0.0053473839
0.0055418857 0.0000000000 0.0055418857
0.0005501409 0.0000000000 0.0005501409
0.0011397947 0.0000000000 0.0011386202
0.0015258303 0.0000000000 0.0015258303
0.0020989827 0.0000000000 0.0020989827
0.0039998535 0.0000000000 0.0039998535
0.0014541839 0.0000000000 0.0014541839
0.0005501409 0.0000000000 0.0005501409
0.0058678730 0.0000000000 0.0058678730
0.0019435615 0.0000000000 0.0019435615
0.0060024912 0.0000000000 0.0060024912
0.0056733777 0.0000000000 0.0056733777
0.0017004418 0.0000000000 0.0017004418
0.0028983644 0.0000000000 0.0028983644
0.0021898071 0.0000000000 0.0021898071
0.0006981450 0.0000000000 0.0006981450
0.0039321394 0.0000000000 0.0039321394
0.0059269643 0.0000000000 0.0059269643
0.0004452054 0.0000000000 0.0004452054
0.0010031517 0.0000000000 0.0010031517
0.0020989827 0.0000000000 0.0020989827
0.0058334354 0.0000000000 0.0058334354
0.0008019032 0.0000000000 0.0008019032
0.0046644445 0.0000000000 0.0046644445
0.0032091739 0.0000000000 0.0032091739
0.0057602553 0.0000000000 0.0057590813
0.0059899686 0.0000000000 0.0059899686
0.0016166600 0.0000000000 0.0016166600
0.0059727501 0.0000000000 0.0059727501
0.0013617866 0.0000000000 0.0013617866
0.0004452054 0.0000000000 0.0004444223
0.0021275612 0.0000000000 0.0021275612
0.0060024912 0.0000000000 0.0060024912
0.0006981450 0.0000000000 0.0006981450
0.0004702647 0.0000000000 0.0004702647
0.0049027939 0.0000000000 0.0049039680
0.0037489567 0.0000000000 0.0037489567
0.0058659163 0.0000000000 0.0058659163
0.0058318701 0.0000000000 0.0058326528
0.0005215578 0.0000000000 0.0005215578
0.0003946950 0.0000000000 0.0003958696
0.0058678730 0.0000000000 0.0058678730
0.0043552471 0.0000000000 0.0043564213
0.0004099656 0.0000000000 0.0004099656
0.0017004418 0.0000000000 0.0017004418
0.0052088431 0.0000000000 0.0052080604
0.0004702647 0.0000000000 0.0004702647
0.0044566179 0.0000000000 0.0044574007
0.0056542019 0.0000000000 0.0056542019
0.0009624325 0.0000000000 0.0009624325
0.0044546610 0.0000000000 0.0044546610
0.0033367830 0.0000000000 0.0033367830
0.0033857124 0.0000000000 0.0033857124
0.0028087211 0.0000000000 0.0028087211
0.0010223366 0.0000000000 0.0010223366
0.0058678730 0.0000000000 0.0058678730
0.0051982763 0.0000000000 0.0051982763
0.0027942371 0.0000000000 0.0027942371
0.0059946646 0.0000000000 0.0059946646
0.0011378371 0.0000000000 0.0011378371
0.0028087211 0.0000000000 0.0028087211
0.0032929420 0.0000000000 0.0032929420
0.0037019862 0.0000000000 0.0037019862
0.0016671641 0.0000000000 0.0016659896
0.0020657064 0.0000000000 0.0020657064
0.0004530364 0.0000000000 0.0004530364
0.0032929420 0.0000000000 0.0032929420
0.0005885125 0.0000000000 0.0005885125
0.0059269643 0.0000000000 0.0059281383
0.0011566303 0.0000000000 0.0011566303
0.0004185798 0.0000000000 0.0004185798
0.0026885429 0.0000000000 0.0026885429
0.0040425171 0.0000000000 0.0040425171
0.0025280420 0.0000000000 0.0025280420
0.0057974325 0.0000000000 0.0057982151
0.0048570031 0.0000000000 0.0048570031
0.0024689300 0.0000000000 0.0024689300
0.0058678730 0.0000000000 0.0058678730
0.0018699607 0.0000000000 0.0018699607
0.0022497037 0.0000000000 0.0022497037
0.0042350879 0.0000000000 0.0042350879
0.0059899686 0.0000000000 0.0059899686
0.0053473839 0.0000000000 0.0053473839
0.0020218597 0.0000000000 0.0020218597
0.0031978221 0.0000000000 0.0031978221
0.0029441644 0.0000000000 0.0029441644
0.0055418857 0.0000000000 0.0055418857
0.0047615070 0.0000000000 0.0047615070
0.0052765483 0.0000000000 0.0052777224
0.0060165790 0.0000000000 0.0060177530
0.0005501409 0.0000000000 0.0005501409
0.0052777224 0.0000000000 0.0052777224
0.0004072247 0.0000000000 0.0004072247
0.0041493709 0.0000000000 0.0041493709
0.0057935191 0.0000000000 0.0057935191
0.0059269643 0.0000000000 0.0059281383
0.0056256338 0.0000000000 0.0056256338
0.0043564213 0.0000000000 0.0043564213
0.0052088431 0.0000000000 0.0052088431
0.0003958696 0.0000000000 0.0003946950
0.0004072247 0.0000000000 0.0004072247
0.0060177530 0.0000000000 0.0060177530
0.0004146642 0.0000000000 0.0004158389
0.0028087211 0.0000000000 0.0028087211
0.0016671641 0.0000000000 0.0016659896
0.0059441829 0.0000000000 0.0059441829
0.0006362811 0.0000000000 0.0006362811
0.0013797963 0.0000000000 0.0013809709
0.0027942371 0.0000000000 0.0027942371
0.0060130570 0.0000000000 0.0060130570
0.0030001419 0.0000000000 0.0030013163
0.0013073658 0.0000000000 0.0013073658
0.0037019862 0.0000000000 0.0037031605
0.0037489567 0.0000000000 0.0037489567
0.0006245348 0.0000000000 0.0006257094
0.0055227097 0.0000000000 0.0055219270
0.0034761333 0.0000000000 0.0034761333
0.0005520986 0.0000000000 0.0005520986
0.0058659163 0.0000000000 0.0058659163
0.0006351065 0.0000000000 0.0006362811
0.0036514927 0.0000000000 0.0036514927
0.0032929420 0.0000000000 0.0032929420
0.0054064785 0.0000000000 0.0054064785
0.0059727501 0.0000000000 0.0059727501
0.0010814574 0.0000000000 0.0010814574
0.0007678393 0.0000000000 0.0007678393
0.0034761333 0.0000000000 0.0034761333
0.0045501600 0.0000000000 0.0045501600
0.0011397947 0.0000000000 0.0011386202
0.0003978274 0.0000000000 0.0003978274
0.0004796619 0.0000000000 0.0004796619
0.0008058185 0.0000000000 0.0008058185
0.0023831975 0.0000000000 0.0023831975
0.0059269643 0.0000000000 0.0059269643
0.0022477463 0.0000000000 0.0022477463
0.0013617866 0.0000000000 0.0013617866
0.0055219270 0.0000000000 0.0055227097
0.0058659163 0.0000000000 0.0058659163
0.0059281383 0.0000000000 0.0059269643
0.0057935191 0.0000000000 0.0057935191
0.0058334354 0.0000000000 0.0058334354
0.0031003526 0.0000000000 0.0031003526
0.0060197096 0.0000000000 0.0060185356
0.0005015888 0.0000000000 0.0005027634
0.0041188414 0.0000000000 0.0041200156
0.0032079996 0.0000000000 0.0032079996
0.0004702647 0.0000000000 0.0004702647
0.0007678393 0.0000000000 0.0007678393
0.0033864953 0.0000000000 0.0033864953
0.0025797157 0.0000000000 0.0025797157
0.0013610036 0.0000000000 0.0013617866
0.0058678730 0.0000000000 0.0058678730
0.0004185798 0.0000000000 0.0004185798
0.0051184382 0.0000000000 0.0051184382
0.0013065828 0.0000000000 0.0013073658
0.0047329363 0.0000000000 0.0047329363
0.0014467452 0.0000000000 0.0014467452
0.0006617315 0.0000000000 0.0006617315
0.0054158709 0.0000000000 0.0054158709
0.0004530364 0.0000000000 0.0004530364
0.0054808353 0.0000000000 0.0054808353
0.0010043263 0.0000000000 0.0010031517
0.0049027939 0.0000000000 0.0049027939
0.0053434704 0.0000000000 0.0053434704
0.0035657705 0.0000000000 0.0035657705
0.0045622930 0.0000000000 0.0045622930
0.0029441644 0.0000000000 0.0029441644
0.0036514927 0.0000000000 0.0036514927
0.0009252369 0.0000000000 0.0009252369
0.0020989827 0.0000000000 0.0020989827
0.0021275612 0.0000000000 0.0021275612
0.0040425171 0.0000000000 0.0040425171
0.0004452054 0.0000000000 0.0004452054
0.0045622930 0.0000000000 0.0045622930
0.0047329363 0.0000000000 0.0047329363
0.0016659896 0.0000000000 0.0016671641
0.0023565772 0.0000000000 0.0023565772
0.0055219270 0.0000000000 0.0055227097
0.0051376151 0.0000000000 0.0051364410
0.0021275612 0.0000000000 0.0021275612
0.0013809709 0.0000000000 0.0013809709
0.0058659163 0.0000000000 0.0058659163
0.0059441829 0.0000000000 0.0059441829
0.0007333837 0.0000000000 0.0007333837
0.0024689300 0.0000000000 0.0024689300
0.0009624325 0.0000000000 0.0009624325
0.0016671641 0.0000000000 0.0016659896
0.0005235155 0.0000000000 0.0005235155
0.0030784316 0.0000000000 0.0030776487
0.0044546610 0.0000000000 0.0044546610
0.0010806743 0.0000000000 0.0010806743
0.0020989827 0.0000000000 0.0020989827
0.0004957155 0.0000000000 0.0004957155
0.0054808353 0.0000000000 0.0054808353
0.0059946646 0.0000000000 0.0059946646
0.0054064785 0.0000000000 0.0054064785
0.0017822654 0.0000000000 0.0017822654
0.0021287356 0.0000000000 0.0021275612
0.0015258303 0.0000000000 0.0015258303
0.0059441829 0.0000000000 0.0059441829
0.0060130570 0.0000000000 0.0060130570
0.0029441644 0.0000000000 0.0029449474
0.0028087211 0.0000000000 0.0028087211
0.0058659163 0.0000000000 0.0058659163
0.0013073658 0.0000000000 0.0013073658
0.0022477463 0.0000000000 0.0022477463
0.0008019032 0.0000000000 0.0008019032
0.0054064785 0.0000000000 0.0054064785
0.0057039024 0.0000000000 0.0057039024
0.0056542019 0.0000000000 0.0056542019
0.0006245348 0.0000000000 0.0006257094
0.0033864953 0.0000000000 0.0033864953
0.0048570031 0.0000000000 0.0048570031
0.0060052305 0.0000000000 0.0060052305
0.0009252369 0.0000000000 0.0009260200
0.0006914888 0.0000000000 0.0006914888
0.0057183820 0.0000000000 0.0057191646
0.0018633053 0.0000000000 0.0018633053
0.0019435615 0.0000000000 0.0019435615
0.0014541839 0.0000000000 0.0014541839
0.0060118831 0.0000000000 0.0060118831
0.0051184382 0.0000000000 0.0051184382
0.0004397236 0.0000000000 0.0004397236
0.0032929420 0.0000000000 0.0032929420
0.0059727501 0.0000000000 0.0059727501
0.0057516459 0.0000000000 0.0057504719
0.0016166600 0.0000000000 0.0016166600
0.0020657064 0.0000000000 0.0020657064
0.0010223366 0.0000000000 0.0010215536
0.0046644445 0.0000000000 0.0046644445
0.0059946646 0.0000000000 0.0059946646
0.0004185798 0.0000000000 0.0004185798
0.0035657705 0.0000000000 0.0035657705
0.0020018937 0.0000000000 0.0020018937
0.0059946646 0.0000000000 0.0059946646
0.0021287356 0.0000000000 0.0021275612
0.0006914888 0.0000000000 0.0006914888
0.0004796619 0.0000000000 0.0004796619
0.0015305284 0.0000000000 0.0015317030
0.0056534192 0.0000000000 0.0056534192
0.0028983644 0.0000000000 0.0028983644
0.0011378371 0.0000000000 0.0011378371
0.0034616504 0.0000000000 0.0034608675
0.0045622930 0.0000000000 0.0045622930
0.0035657705 0.0000000000 0.0035657705
0.0055759329 0.0000000000 0.0055759329
0.0008422315 0.0000000000 0.0008422315
0.0010031517 0.0000000000 0.0010031517
0.0004702647 0.0000000000 0.0004702647
0.0058678730 0.0000000000 0.0058678730
0.0037489567 0.0000000000 0.0037489567
0.0023831975 0.0000000000 0.0023831975
0.0052777224 0.0000000000 0.0052765483
0.0057935191 0.0000000000 0.0057935191
0.0054158709 0.0000000000 0.0054158709
0.0044566179 0.0000000000 0.0044566179
0.0010223366 0.0000000000 0.0010215536
0.0054064785 0.0000000000 0.0054064785
0.0023565772 0.0000000000 0.0023565772
0.0058944837 0.0000000000 0.0058944837
0.0016166600 0.0000000000 0.0016166600
0.0047615070 0.0000000000 0.0047615070
0.0007780193 0.0000000000 0.0007772362
0.0004796619 0.0000000000 0.0004796619
0.0038186292 0.0000000000 0.0038194120
0.0048198223 0.0000000000 0.0048190396
0.0060118831 0.0000000000 0.0060118831
0.0055227097 0.0000000000 0.0055227097
0.0028087211 0.0000000000 0.0028087211
0.0047329363 0.0000000000 0.0047329363
0.0013809709 0.0000000000 0.0013809709
0.0038765587 0.0000000000 0.0038765587
0.0039321394 0.0000000000 0.0039321394
0.0007208544 0.0000000000 0.0007208544
0.0023565772 0.0000000000 0.0023565772
0.0054064785 0.0000000000 0.0054064785
0.0055418857 0.0000000000 0.0055418857
0.0004452054 0.0000000000 0.0004452054
0.0028087211 0.0000000000 0.0028087211
0.0028983644 0.0000000000 0.0028991474
0.0058326528 0.0000000000 0.0058326528
0.0059899686 0.0000000000 0.0059899686
0.0010031517 0.0000000000 0.0010031517
0.0003939118 0.0000000000 0.0003946950
0.0059805767 0.0000000000 0.0059805767
0.0006257094 0.0000000000 0.0006257094
0.0039321394 0.0000000000 0.0039321394
0.0014541839 0.0000000000 0.0014534009
0.0017356769 0.0000000000 0.0017356769
0.0016659896 0.0000000000 0.0016671641
0.0005885125 0.0000000000 0.0005885125
0.0005215578 0.0000000000 0.0005215578
0.0006073067 0.0000000000 0.0006073067
0.0017004418 0.0000000000 0.0017004418
0.0006073067 0.0000000000 0.0006073067
0.0023831975 0.0000000000 0.0023831975
0.0059269643 0.0000000000 0.0059269643
0.0004957155 0.0000000000 0.0004957155
0.0011949995 0.0000000000 0.0011949995
0.0057602553 0.0000000000 0.0057590813
0.0009252369 0.0000000000 0.0009252369
0.0059441829 0.0000000000 0.0059441829
0.0055759329 0.0000000000 0.0055759329
0.0006257094 0.0000000000 0.0006257094
0.0005215578 0.0000000000 0.0005215578
0.0009240623 0.0000000000 0.0009240623
0.0018644798 0.0000000000 0.0018644798
0.0050620816 0.0000000000 0.0050620816
0.0054655726 0.0000000000 0.0054655726
0.0024689300 0.0000000000 0.0024689300
0.0003939118 0.0000000000 0.0003946950
0.0037489567 0.0000000000 0.0037489567
0.0032929420 0.0000000000 0.0032929420
0.0020018937 0.0000000000 0.0020018937
0.0023831975 0.0000000000 0.0023831975
0.0034608675 0.0000000000 0.0034608675
0.0028087211 0.0000000000 0.0028087211
0.0005235155 0.0000000000 0.0005235155
0.0019369062 0.0000000000 0.0019369062
0.0015963017 0.0000000000 0.0015963017
0.0021287356 0.0000000000 0.0021275612
0.0010043263 0.0000000000 0.0010031517
0.0060024912 0.0000000000 0.0060024912
0.0004397236 0.0000000000 0.0004397236
0.0038186292 0.0000000000 0.0038186292
0.0023565772 0.0000000000 0.0023565772
0.0034616504 0.0000000000 0.0034608675
0.0054158709 0.0000000000 0.0054158709
0.0048198223 0.0000000000 0.0048190396
0.0004185798 0.0000000000 0.0004185798
0.0004663492 0.0000000000 0.0004663492
0.0012321941 0.0000000000 0.0012321941
0.0059520096 0.0000000000 0.0059520096
0.0060165790 0.0000000000 0.0060177530
0.0058326528 0.0000000000 0.0058326528
0.0057039024 0.0000000000 0.0057039024
0.0049838078 0.0000000000 0.0049849819
0.0056542019 0.0000000000 0.0056542019
0.0006351065 0.0000000000 0.0006362811
0.0025280420 0.0000000000 0.0025280420
0.0059520096 0.0000000000 0.0059520096
0.0023831975 0.0000000000 0.0023831975
0.0034761333 0.0000000000 0.0034761333
0.0010031517 0.0000000000 0.0010031517
0.0056741604 0.0000000000 0.0056733777
0.0018644798 0.0000000000 0.0018644798
0.0005885125 0.0000000000 0.0005885125
0.0059641408 0.0000000000 0.0059641408
0.0060130570 0.0000000000 0.0060138397
0.0050620816 0.0000000000 0.0050620816
0.0059805767 0.0000000000 0.0059805767
0.0013809709 0.0000000000 0.0013809709
0.0033367830 0.0000000000 0.0033367830
0.0037489567 0.0000000000 0.0037489567
0.0008422315 0.0000000000 0.0008422315
0.0012521616 0.0000000000 0.0012521616
0.0034616504 0.0000000000 0.0034608675
0.0033864953 0.0000000000 0.0033864953
0.0010806743 0.0000000000 0.0010806743
0.0011566303 0.0000000000 0.0011566303
0.0016671641 0.0000000000 0.0016659896
0.0020645319 0.0000000000 0.0020657064
0.0049027939 0.0000000000 0.0049027939
0.0019369062 0.0000000000 0.0019369062
0.0004099656 0.0000000000 0.0004099656
0.0058678730 0.0000000000 0.0058678730
0.0043478105 0.0000000000 0.0043478105
0.0013065828 0.0000000000 0.0013073658
0.0058326528 0.0000000000 0.0058326528
0.0033857124 0.0000000000 0.0033857124
0.0034761333 0.0000000000 0.0034761333
0.0035657705 0.0000000000 0.0035657705
0.0004072247 0.0000000000 0.0004072247
0.0055998050 0.0000000000 0.0055998050
0.0054808353 0.0000000000 0.0054808353
0.0049478017 0.0000000000 0.0049478017
0.0052745915 0.0000000000 0.0052745915
0.0028983644 0.0000000000 0.0028983644
0.0005027634 0.0000000000 0.0005015888
0.0059003537 0.0000000000 0.0059003537
0.0018711352 0.0000000000 0.0018699607
0.0007208544 0.0000000000 0.0007208544
0.0034761333 0.0000000000 0.0034761333
0.0012321941 0.0000000000 0.0012329771
0.0059727501 0.0000000000 0.0059727501
0.0041188414 0.0000000000 0.0041188414
0.0058326528 0.0000000000 0.0058326528
0.0013617866 0.0000000000 0.0013617866
0.0004130980 0.0000000000 0.0004130980
0.0006617315 0.0000000000 0.0006617315
0.0007208544 0.0000000000 0.0007208544
0.0056542019 0.0000000000 0.0056542019
0.0045501600 0.0000000000 0.0045501600
0.0018633053 0.0000000000 0.0018633053
0.0024689300 0.0000000000 0.0024689300
0.0011566303 0.0000000000 0.0011566303
0.0055418857 0.0000000000 0.0055418857
0.0005215578 0.0000000000 0.0005215578
0.0013797963 0.0000000000 0.0013809709
0.0047615070 0.0000000000 0.0047615070
0.0008457553 0.0000000000 0.0008457553
0.0046433098 0.0000000000 0.0046433098
0.0013073658 0.0000000000 0.0013073658
0.0057183820 0.0000000000 0.0057191646
0.0026693612 0.0000000000 0.0026693612
0.0033367830 0.0000000000 0.0033367830
0.0008422315 0.0000000000 0.0008422315
0.0034616504 0.0000000000 0.0034608675
0.0054158709 0.0000000000 0.0054158709
0.0059805767 0.0000000000 0.0059813594
0.0019435615 0.0000000000 0.0019435615
0.0057191646 0.0000000000 0.0057191646
0.0006245348 0.0000000000 0.0006257094
0.0050342945 0.0000000000 0.0050342945
0.0046644445 0.0000000000 0.0046644445
0.0004185798 0.0000000000 0.0004185798
0.0007678393 0.0000000000 0.0007678393
0.0039321394 0.0000000000 0.0039321394
0.0058678730 0.0000000000 0.0058678730
0.0022497037 0.0000000000 0.0022497037
0.0044546610 0.0000000000 0.0044546610
0.0004530364 0.0000000000 0.0004530364
0.0006636892 0.0000000000 0.0006629061
0.0008422315 0.0000000000 0.0008422315
0.0018633053 0.0000000000 0.0018633053
0.0049466276 0.0000000000 0.0049466276
0.0059727501 0.0000000000 0.0059727501
0.0004397236 0.0000000000 0.0004397236
0.0016166600 0.0000000000 0.0016166600
0.0007494369 0.0000000000 0.0007494369
0.0035829933 0.0000000000 0.0035829933
0.0014541839 0.0000000000 0.0014534009
0.0018034063 0.0000000000 0.0018034063
0.0017004418 0.0000000000 0.0017004418
0.0051982763 0.0000000000 0.0051982763
0.0034761333 0.0000000000 0.0034761333
0.0005798985 0.0000000000 0.0005798985
0.0060130570 0.0000000000 0.0060130570
0.0057504719 0.0000000000 0.0057504719
0.0042350879 0.0000000000 0.0042350879
0.0055759329 0.0000000000 0.0055759329
0.0004796619 0.0000000000 0.0004796619
0.0035829933 0.0000000000 0.0035829933
0.0059727501 0.0000000000 0.0059727501
0.0058659163 0.0000000000 0.0058659163
0.0057974325 0.0000000000 0.0057982151
0.0044546610 0.0000000000 0.0044546610
0.0003939118 0.0000000000 0.0003946950
0.0014467452 0.0000000000 0.0014467452
0.0040417343 0.0000000000 0.0040425171
0.0017364599 0.0000000000 0.0017356769
0.0021898071 0.0000000000 0.0021898071
0.0032091739 0.0000000000 0.0032091739
0.0017822654 0.0000000000 0.0017822654
0.0045622930 0.0000000000 0.0045622930
0.0047329363 0.0000000000 0.0047329363
0.0007780193 0.0000000000 0.0007772362
0.0003978274 0.0000000000 0.0003978274
0.0051184382 0.0000000000 0.0051184382
0.0031003526 0.0000000000 0.0031003526
0.0057183820 0.0000000000 0.0057191646
0.0057191646 0.0000000000 0.0057191646
0.0056741604 0.0000000000 0.0056733777
0.0041493709 0.0000000000 0.0041493709
0.0044546610 0.0000000000 0.0044546610
0.0004663492 0.0000000000 0.0004663492
0.0003978274 0.0000000000 0.0003978274
0.0057183820 0.0000000000 0.0057191646
0.0051184382 0.0000000000 0.0051184382
0.0003939118 0.0000000000 0.0003939118
0.0016659896 0.0000000000 0.0016671641
0.0008058185 0.0000000000 0.0008058185
0.0035657705 0.0000000000 0.0035657705
0.0007780193 0.0000000000 0.0007772362
0.0043552471 0.0000000000 0.0043564213
0.0057982151 0.0000000000 0.0057982151
0.0053434704 0.0000000000 0.0053434704
0.0020018937 0.0000000000 0.0020018937
0.0005885125 0.0000000000 0.0005885125
0.0051184382 0.0000000000 0.0051184382
0.0029441644 0.0000000000 0.0029441644
0.0053473839 0.0000000000 0.0053473839
0.0058678730 0.0000000000 0.0058678730
0.0046433098 0.0000000000 0.0046433098
0.0060052305 0.0000000000 0.0060052305
0.0037489567 0.0000000000 0.0037489567
0.0027942371 0.0000000000 0.0027942371
0.0045622930 0.0000000000 0.0045622930
0.0008422315 0.0000000000 0.0008422315
0.0007678393 0.0000000000 0.0007678393
0.0018041893 0.0000000000 0.0018034063
0.0004397236 0.0000000000 0.0004397236
0.0009021364 0.0000000000 0.0009021364
0.0032091739 0.0000000000 0.0032091739
0.0013073658 0.0000000000 0.0013073658
0.0008457553 0.0000000000 0.0008457553
0.0058326528 0.0000000000 0.0058326528
0.0041493709 0.0000000000 0.0041493709
0.0010806743 0.0000000000 0.0010806743
0.0014467452 0.0000000000 0.0014467452
0.0004663492 0.0000000000 0.0004663492
0.0004452054 0.0000000000 0.0004444223
0.0003993936 0.0000000000 0.0003993936
0.0009240623 0.0000000000 0.0009240623
0.0013797963 0.0000000000 0.0013809709
0.0057590813 0.0000000000 0.0057602553
0.0031978221 0.0000000000 0.0031978221
0.0044546610 0.0000000000 0.0044546610
0.0017356769 0.0000000000 0.0017356769
0.0009252369 0.0000000000 0.0009260200
0.0057496892 0.0000000000 0.0057504719
0.0028983644 0.0000000000 0.0028983644
0.0023565772 0.0000000000 0.0023565772
0.0041188414 0.0000000000 0.0041200156
0.0058326528 0.0000000000 0.0058326528
0.0009252369 0.0000000000 0.0009252369
0.0004264108 0.0000000000 0.0004264108
0.0042542665 0.0000000000 0.0042542665
0.0020218597 0.0000000000 0.0020206852
0.0055227097 0.0000000000 0.0055219270
0.0034761333 0.0000000000 0.0034761333
0.0060118831 0.0000000000 0.0060130570
0.0034616504 0.0000000000 0.0034608675
0.0003993936 0.0000000000 0.0003993936
0.0021898071 0.0000000000 0.0021905900
0.0005520986 0.0000000000 0.0005513155
0.0034761333 0.0000000000 0.0034761333
0.0004158389 0.0000000000 0.0004146642
0.0009021364 0.0000000000 0.0009021364
0.0056542019 0.0000000000 0.0056542019
0.0058659163 0.0000000000 0.0058659163
0.0051376151 0.0000000000 0.0051376151
0.0059269643 0.0000000000 0.0059281383
0.0057039024 0.0000000000 0.0057039024
0.0041493709 0.0000000000 0.0041493709
0.0038186292 0.0000000000 0.0038194120
0.0004033092 0.0000000000 0.0004033092
0.0038765587 0.0000000000 0.0038757759
0.0041188414 0.0000000000 0.0041188414
0.0059003537 0.0000000000 0.0059003537
0.0051376151 0.0000000000 0.0051364410
0.0060130570 0.0000000000 0.0060138397
0.0050620816 0.0000000000 0.0050620816
0.0006914888 0.0000000000 0.0006914888
0.0012321941 0.0000000000 0.0012329771
0.0032929420 0.0000000000 0.0032929420
0.0025797157 0.0000000000 0.0025797157
0.0005235155 0.0000000000 0.0005235155
0.0027942371 0.0000000000 0.0027942371
0.0049466276 0.0000000000 0.0049466276
0.0033360001 0.0000000000 0.0033367830
0.0015963017 0.0000000000 0.0015963017
0.0004033092 0.0000000000 0.0004033092
0.0006629061 0.0000000000 0.0006636892
0.0049478017 0.0000000000 0.0049478017
0.0010806743 0.0000000000 0.0010806743
0.0059520096 0.0000000000 0.0059520096
0.0020989827 0.0000000000 0.0020989827
0.0005885125 0.0000000000 0.0005885125
0.0021275612 0.0000000000 0.0021275612
0.0013617866 0.0000000000 0.0013617866
0.0054158709 0.0000000000 0.0054158709
0.0054158709 0.0000000000 0.0054158709
0.0003946950 0.0000000000 0.0003946950
0.0011378371 0.0000000000 0.0011386202
0.0037019862 0.0000000000 0.0037019862
0.0032929420 0.0000000000 0.0032929420
0.0034761333 0.0000000000 0.0034761333
0.0004185798 0.0000000000 0.0004185798
0.0013617866 0.0000000000 0.0013617866
0.0057183820 0.0000000000 0.0057191646
0.0059727501 0.0000000000 0.0059727501
0.0035657705 0.0000000000 0.0035657705
0.0048570031 0.0000000000 0.0048570031
0.0055418857 0.0000000000 0.0055418857
0.0007494369 0.0000000000 0.0007494369
0.0025280420 0.0000000000 0.0025280420
0.0032091739 0.0000000000 0.0032091739
0.0006617315 0.0000000000 0.0006617315
0.0059269643 0.0000000000 0.0059269643
0.0005520986 0.0000000000 0.0005513155
0.0004796619 0.0000000000 0.0004796619
0.0060118831 0.0000000000 0.0060118831
0.0056542019 0.0000000000 0.0056542019
0.0057039024 0.0000000000 0.0057039024
0.0020018937 0.0000000000 0.0020018937
0.0049478017 0.0000000000 0.0049478017
0.0047329363 0.0000000000 0.0047329363
0.0054064785 0.0000000000 0.0054064785
0.0004072247 0.0000000000 0.0004072247
0.0052088431 0.0000000000 0.0052080604
0.0013073658 0.0000000000 0.0013073658
0.0059805767 0.0000000000 0.0059805767
0.0060024912 0.0000000000 0.0060024912
0.0048198223 0.0000000000 0.0048190396
0.0059269643 0.0000000000 0.0059269643
0.0057602553 0.0000000000 0.0057602553
0.0017004418 0.0000000000 0.0017004418
0.0048198223 0.0000000000 0.0048198223
0.0032091739 0.0000000000 0.0032091739
0.0050620816 0.0000000000 0.0050620816
0.0004072247 0.0000000000 0.0004072247
0.0009021364 0.0000000000 0.0009021364
0.0047615070 0.0000000000 0.0047615070
0.0055998050 0.0000000000 0.0055998050
0.0006981450 0.0000000000 0.0006981450
0.0010223366 0.0000000000 0.0010215536
0.0028087211 0.0000000000 0.0028087211
0.0014467452 0.0000000000 0.0014467452
0.0044574007 0.0000000000 0.0044566179
0.0010223366 0.0000000000 0.0010223366
0.0060052305 0.0000000000 0.0060052305
0.0005027634 0.0000000000 0.0005027634
0.0060177530 0.0000000000 0.0060177530
0.0020989827 0.0000000000 0.0020989827
0.0009021364 0.0000000000 0.0009021364
0.0041188414 0.0000000000 0.0041200156
0.0054808353 0.0000000000 0.0054808353
0.0035829933 0.0000000000 0.0035829933
0.0035829933 0.0000000000 0.0035829933
0.0007678393 0.0000000000 0.0007678393
0.0004264108 0.0000000000 0.0004264108
0.0060024912 0.0000000000 0.0060024912
0.0004072247 0.0000000000 0.0004072247
0.0022497037 0.0000000000 0.0022497037
0.0060024912 0.0000000000 0.0060024912
0.0037019862 0.0000000000 0.0037019862
0.0053462099 0.0000000000 0.0053473839
0.0010043263 0.0000000000 0.0010031517
0.0004072247 0.0000000000 0.0004072247
0.0010806743 0.0000000000 0.0010806743
0.0042542665 0.0000000000 0.0042542665
0.0048198223 0.0000000000 0.0048190396
0.0059214857 0.0000000000 0.0059214857
0.0057935191 0.0000000000 0.0057935191
0.0039998535 0.0000000000 0.0039998535
0.0004957155 0.0000000000 0.0004957155
0.0029441644 0.0000000000 0.0029449474
0.0051184382 0.0000000000 0.0051184382
0.0006914888 0.0000000000 0.0006914888
0.0056256338 0.0000000000 0.0056256338
0.0022477463 0.0000000000 0.0022477463
0.0025797157 0.0000000000 0.0025797157
0.0054808353 0.0000000000 0.0054808353
0.0059946646 0.0000000000 0.0059946646
0.0015974762 0.0000000000 0.0015963017
0.0028087211 0.0000000000 0.0028087211
0.0043552471 0.0000000000 0.0043552471
0.0053473839 0.0000000000 0.0053473839
0.0007333837 0.0000000000 0.0007333837
0.0012321941 0.0000000000 0.0012321941
0.0015317030 0.0000000000 0.0015324860
0.0012321941 0.0000000000 0.0012329771
0.0004452054 0.0000000000 0.0004452054
0.0026885429 0.0000000000 0.0026885429
0.0011949995 0.0000000000 0.0011949995
0.0040425171 0.0000000000 0.0040425171
0.0005027634 0.0000000000 0.0005015888
0.0043478105 0.0000000000 0.0043478105
0.0015963017 0.0000000000 0.0015963017
0.0041493709 0.0000000000 0.0041493709
0.0015258303 0.0000000000 0.0015258303
0.0030001419 0.0000000000 0.0030001419
0.0014541839 0.0000000000 0.0014534009
0.0040425171 0.0000000000 0.0040425171
0.0041493709 0.0000000000 0.0041493709
0.0007780193 0.0000000000 0.0007780193
0.0006362811 0.0000000000 0.0006362811
0.0010031517 0.0000000000 0.0010031517
0.0033367830 0.0000000000 0.0033367830
0.0046644445 0.0000000000 0.0046644445
0.0006351065 0.0000000000 0.0006362811
0.0020218597 0.0000000000 0.0020218597
0.0058326528 0.0000000000 0.0058326528
0.0057039024 0.0000000000 0.0057039024
0.0010806743 0.0000000000 0.0010814574
0.0004796619 0.0000000000 0.0004796619
0.0008457553 0.0000000000 0.0008457553
0.0054158709 0.0000000000 0.0054158709
0.0020218597 0.0000000000 0.0020218597
0.0008058185 0.0000000000 0.0008058185
0.0015258303 0.0000000000 0.0015258303
0.0004702647 0.0000000000 0.0004702647
0.0051982763 0.0000000000 0.0051982763
0.0054808353 0.0000000000 0.0054808353
0.0007200713 0.0000000000 0.0007208544
0.0013073658 0.0000000000 0.0013073658
0.0032929420 0.0000000000 0.0032929420
0.0008422315 0.0000000000 0.0008422315
0.0018699607 0.0000000000 0.0018699607
0.0057183820 0.0000000000 0.0057191646
0.0058334354 0.0000000000 0.0058334354
0.0033857124 0.0000000000 0.0033857124
0.0058659163 0.0000000000 0.0058659163
0.0033857124 0.0000000000 0.0033864953
0.0019369062 0.0000000000 0.0019369062
0.0052765483 0.0000000000 0.0052777224
0.0051184382 0.0000000000 0.0051184382
0.0044546610 0.0000000000 0.0044546610
0.0008422315 0.0000000000 0.0008422315
0.0008019032 0.0000000000 0.0008019032
0.0010806743 0.0000000000 0.0010806743
0.0060052305 0.0000000000 0.0060052305
0.0004130980 0.0000000000 0.0004130980
0.0020657064 0.0000000000 0.0020657064
0.0035657705 0.0000000000 0.0035657705
0.0009252369 0.0000000000 0.0009260200
0.0028087211 0.0000000000 0.0028087211
0.0006362811 0.0000000000 0.0006362811
0.0053462099 0.0000000000 0.0053473839
0.0018034063 0.0000000000 0.0018034063
0.0057935191 0.0000000000 0.0057935191
0.0004033092 0.0000000000 0.0004033092
0.0006629061 0.0000000000 0.0006636892
0.0022497037 0.0000000000 0.0022497037
0.0008422315 0.0000000000 0.0008422315
0.0018633053 0.0000000000 0.0018633053
0.0033367830 0.0000000000 0.0033367830
0.0004530364 0.0000000000 0.0004530364
0.0052765483 0.0000000000 0.0052777224
0.0004702647 0.0000000000 0.0004702647
0.0058944837 0.0000000000 0.0058944837
0.0056256338 0.0000000000 0.0056256338
0.0058678730 0.0000000000 0.0058678730
0.0004099656 0.0000000000 0.0004099656
0.0057039024 0.0000000000 0.0057039024
0.0045501600 0.0000000000 0.0045501600
0.0005215578 0.0000000000 0.0005215578
0.0021898071 0.0000000000 0.0021898071
0.0057183820 0.0000000000 0.0057191646
0.0023831975 0.0000000000 0.0023831975
0.0004957155 0.0000000000 0.0004957155
0.0004452054 0.0000000000 0.0004452054
0.0052765483 0.0000000000 0.0052777224
0.0008019032 0.0000000000 0.0008019032
0.0004072247 0.0000000000 0.0004072247
0.0039998535 0.0000000000 0.0039998535
0.0057590813 0.0000000000 0.0057602553
0.0059003537 0.0000000000 0.0059003537
0.0059946646 0.0000000000 0.0059958386
0.0005235155 0.0000000000 0.0005235155
0.0017822654 0.0000000000 0.0017822654
0.0060177530 0.0000000000 0.0060177530
0.0008457553 0.0000000000 0.0008457553
0.0046644445 0.0000000000 0.0046644445
0.0034761333 0.0000000000 0.0034761333
0.0023565772 0.0000000000 0.0023565772
0.0027950201 0.0000000000 0.0027942371
0.0049478017 0.0000000000 0.0049478017
0.0011566303 0.0000000000 0.0011566303
0.0035657705 0.0000000000 0.0035657705
0.0015317030 0.0000000000 0.0015317030
0.0044566179 0.0000000000 0.0044566179
0.0037489567 0.0000000000 0.0037489567
0.0054655726 0.0000000000 0.0054655726
0.0039321394 0.0000000000 0.0039321394
0.0013065828 0.0000000000 0.0013065828
0.0059003537 0.0000000000 0.0059003537
0.0007333837 0.0000000000 0.0007333837
0.0027950201 0.0000000000 0.0027950201
0.0023565772 0.0000000000 0.0023565772
0.0015258303 0.0000000000 0.0015258303
0.0057935191 0.0000000000 0.0057935191
0.0026885429 0.0000000000 0.0026885429
0.0011566303 0.0000000000 0.0011566303
0.0052777224 0.0000000000 0.0052765483
0.0047615070 0.0000000000 0.0047615070
0.0042542665 0.0000000000 0.0042542665
0.0020989827 0.0000000000 0.0020989827
0.0060024912 0.0000000000 0.0060024912
0.0020657064 0.0000000000 0.0020657064
0.0060197096 0.0000000000 0.0060197096
0.0016659896 0.0000000000 0.0016671641
0.0059727501 0.0000000000 0.0059727501
0.0004530364 0.0000000000 0.0004530364
0.0049027939 0.0000000000 0.0049039680
0.0020218597 0.0000000000 0.0020218597
0.0006914888 0.0000000000 0.0006914888
0.0059946646 0.0000000000 0.0059946646
0.0010031517 0.0000000000 0.0010031517
0.0007780193 0.0000000000 0.0007772362
0.0021898071 0.0000000000 0.0021905900
0.0012321941 0.0000000000 0.0012321941
0.0031003526 0.0000000000 0.0031003526
0.0060118831 0.0000000000 0.0060118831
0.0027942371 0.0000000000 0.0027942371
0.0059003537 0.0000000000 0.0059003537
0.0052745915 0.0000000000 0.0052745915
0.0003946950 0.0000000000 0.0003946950
0.0003978274 0.0000000000 0.0003978274
0.0041200156 0.0000000000 0.0041188414
0.0043552471 0.0000000000 0.0043552471
0.0054808353 0.0000000000 0.0054808353
0.0012321941 0.0000000000 0.0012310195
0.0059727501 0.0000000000 0.0059727501
0.0058678730 0.0000000000 0.0058678730
0.0047615070 0.0000000000 0.0047615070
0.0020218597 0.0000000000 0.0020218597
0.0059520096 0.0000000000 0.0059527922
0.0023831975 0.0000000000 0.0023831975
0.0010031517 0.0000000000 0.0010031517
0.0044546610 0.0000000000 0.0044546610
0.0006617315 0.0000000000 0.0006617315
0.0020989827 0.0000000000 0.0020989827
0.0005015888 0.0000000000 0.0005027634
0.0057935191 0.0000000000 0.0057935191
0.0014541839 0.0000000000 0.0014541839
0.0016659896 0.0000000000 0.0016671641
0.0049478017 0.0000000000 0.0049478017
0.0044566179 0.0000000000 0.0044574007
0.0006617315 0.0000000000 0.0006617315
0.0024689300 0.0000000000 0.0024689300
0.0004033092 0.0000000000 0.0004033092
0.0011566303 0.0000000000 0.0011566303
0.0033864953 0.0000000000 0.0033864953
0.0049027939 0.0000000000 0.0049039680
0.0018034063 0.0000000000 0.0018034063
0.0018633053 0.0000000000 0.0018633053
0.0057602553 0.0000000000 0.0057602553
0.0030784316 0.0000000000 0.0030776487
0.0033864953 0.0000000000 0.0033864953
0.0023565772 0.0000000000 0.0023565772
0.0032929420 0.0000000000 0.0032929420
0.0059214857 0.0000000000 0.0059214857
0.0060130570 0.0000000000 0.0060130570
0.0004072247 0.0000000000 0.0004072247
0.0035829933 0.0000000000 0.0035829933
0.0007333837 0.0000000000 0.0007333837
0.0025280420 0.0000000000 0.0025280420
0.0007333837 0.0000000000 0.0007333837
0.0049039680 0.0000000000 0.0049039680
0.0048570031 0.0000000000 0.0048570031
0.0009632155 0.0000000000 0.0009624325
0.0013073658 0.0000000000 0.0013073658
0.0015258303 0.0000000000 0.0015258303
0.0059641408 0.0000000000 0.0059641408
0.0047329363 0.0000000000 0.0047329363
0.0006362811 0.0000000000 0.0006362811
0.0057935191 0.0000000000 0.0057935191
0.0012321941 0.0000000000 0.0012310195
0.0019369062 0.0000000000 0.0019369062
0.0005520986 0.0000000000 0.0005513155
0.0059520096 0.0000000000 0.0059520096
0.0057039024 0.0000000000 0.0057039024
0.0008457553 0.0000000000 0.0008457553
0.0023831975 0.0000000000 0.0023831975
0.0057590813 0.0000000000 0.0057602553
0.0029441644 0.0000000000 0.0029449474
0.0052745915 0.0000000000 0.0052738088
0.0060177530 0.0000000000 0.0060165790
0.0045622930 0.0000000000 0.0045622930
0.0008422315 0.0000000000 0.0008422315
0.0048570031 0.0000000000 0.0048570031
0.0027942371 0.0000000000 0.0027942371
0.0020018937 0.0000000000 0.0020018937
0.0053434704 0.0000000000 0.0053434704
0.0043478105 0.0000000000 0.0043478105
0.0025280420 0.0000000000 0.0025280420
0.0028983644 0.0000000000 0.0028983644
0.0037489567 0.0000000000 0.0037489567
0.0060185356 0.0000000000 0.0060177530
0.0051376151 0.0000000000 0.0051376151
0.0048190396 0.0000000000 0.0048190396
0.0004530364 0.0000000000 0.0004530364
0.0055227097 0.0000000000 0.0055219270
0.0042542665 0.0000000000 0.0042542665
0.0007678393 0.0000000000 0.0007678393
0.0038186292 0.0000000000 0.0038186292
0.0022477463 0.0000000000 0.0022477463
0.0054655726 0.0000000000 0.0054655726
0.0058326528 0.0000000000 0.0058326528
0.0026693612 0.0000000000 0.0026693612
0.0003946950 0.0000000000 0.0003946950
0.0060185356 0.0000000000 0.0060177530
0.0004397236 0.0000000000 0.0004397236
0.0028087211 0.0000000000 0.0028087211
0.0050620816 0.0000000000 0.0050620816
0.0028087211 0.0000000000 0.0028087211
0.0057504719 0.0000000000 0.0057504719
0.0050620816 0.0000000000 0.0050620816
0.0006617315 0.0000000000 0.0006617315
0.0010806743 0.0000000000 0.0010806743
0.0057602553 0.0000000000 0.0057602553
0.0045501600 0.0000000000 0.0045501600
0.0006257094 0.0000000000 0.0006257094
0.0049849819 0.0000000000 0.0049838078
0.0036514927 0.0000000000 0.0036514927
0.0020645319 0.0000000000 0.0020657064
0.0007678393 0.0000000000 0.0007678393
0.0004099656 0.0000000000 0.0004099656
0.0056741604 0.0000000000 0.0056733777
0.0005798985 0.0000000000 0.0005798985
0.0034616504 0.0000000000 0.0034608675
0.0059899686 0.0000000000 0.0059899686
0.0030001419 0.0000000000 0.0030013163
0.0032079996 0.0000000000 0.0032079996
0.0025797157 0.0000000000 0.0025797157
0.0004452054 0.0000000000 0.0004444223
0.0033857124 0.0000000000 0.0033864953
0.0008019032 0.0000000000 0.0008019032
0.0059214857 0.0000000000 0.0059214857
0.0058334354 0.0000000000 0.0058334354
0.0059281383 0.0000000000 0.0059269643
0.0054064785 0.0000000000 0.0054064785
0.0059520096 0.0000000000 0.0059520096
0.0004530364 0.0000000000 0.0004530364
0.0008457553 0.0000000000 0.0008457553
0.0051376151 0.0000000000 0.0051376151
0.0006073067 0.0000000000 0.0006073067
0.0039321394 0.0000000000 0.0039321394
0.0005520986 0.0000000000 0.0005520986
0.0038186292 0.0000000000 0.0038186292
0.0056534192 0.0000000000 0.0056534192
0.0049039680 0.0000000000 0.0049039680
0.0047329363 0.0000000000 0.0047329363
0.0060130570 0.0000000000 0.0060130570
0.0020989827 0.0000000000 0.0020989827
0.0014467452 0.0000000000 0.0014467452
0.0004452054 0.0000000000 0.0004452054
0.0012321941 0.0000000000 0.0012321941
0.0005215578 0.0000000000 0.0005215578
0.0028983644 0.0000000000 0.0028991474
0.0020018937 0.0000000000 0.0020018937
0.0010031517 0.0000000000 0.0010031517
0.0018644798 0.0000000000 0.0018644798
0.0004185798 0.0000000000 0.0004185798
0.0038765587 0.0000000000 0.0038765587
0.0033367830 0.0000000000 0.0033367830
0.0038186292 0.0000000000 0.0038186292
0.0057974325 0.0000000000 0.0057974325
0.0044566179 0.0000000000 0.0044566179
0.0060118831 0.0000000000 0.0060118831
0.0055219270 0.0000000000 0.0055227097
0.0059520096 0.0000000000 0.0059520096
0.0006629061 0.0000000000 0.0006636892
0.0053462099 0.0000000000 0.0053473839
0.0033360001 0.0000000000 0.0033367830
0.0010814574 0.0000000000 0.0010814574
0.0014467452 0.0000000000 0.0014467452
0.0017004418 0.0000000000 0.0017004418
0.0058678730 0.0000000000 0.0058678730
0.0013073658 0.0000000000 0.0013073658
0.0020989827 0.0000000000 0.0020989827
0.0035657705 0.0000000000 0.0035657705
0.0022477463 0.0000000000 0.0022477463
0.0009021364 0.0000000000 0.0009021364
0.0013809709 0.0000000000 0.0013809709
0.0030784316 0.0000000000 0.0030784316
0.0060130570 0.0000000000 0.0060130570
0.0041493709 0.0000000000 0.0041493709
0.0056733777 0.0000000000 0.0056733777
0.0035829933 0.0000000000 0.0035829933
0.0027942371 0.0000000000 0.0027942371
0.0011957826 0.0000000000 0.0011957826
0.0009240623 0.0000000000 0.0009240623
0.0025280420 0.0000000000 0.0025280420
0.0003958696 0.0000000000 0.0003958696
0.0057039024 0.0000000000 0.0057039024
0.0004158389 0.0000000000 0.0004158389
0.0059641408 0.0000000000 0.0059633582
0.0053473839 0.0000000000 0.0053473839
0.0055227097 0.0000000000 0.0055227097
0.0060177530 0.0000000000 0.0060165790
0.0057602553 0.0000000000 0.0057602553
0.0010031517 0.0000000000 0.0010031517
0.0027942371 0.0000000000 0.0027942371
0.0050342945 0.0000000000 0.0050342945
0.0005235155 0.0000000000 0.0005235155
0.0005501409 0.0000000000 0.0005501409
0.0034608675 0.0000000000 0.0034608675
0.0003978274 0.0000000000 0.0003978274
0.0049838078 0.0000000000 0.0049849819
0.0005215578 0.0000000000 0.0005215578
0.0003939118 0.0000000000 0.0003946950
0.0016659896 0.0000000000 0.0016671641
0.0007333837 0.0000000000 0.0007333837
0.0026693612 0.0000000000 0.0026693612
0.0007494369 0.0000000000 0.0007494369
0.0060177530 0.0000000000 0.0060177530
0.0044546610 0.0000000000 0.0044546610
0.0004530364 0.0000000000 0.0004530364
0.0020657064 0.0000000000 0.0020657064
0.0008058185 0.0000000000 0.0008058185
0.0009252369 0.0000000000 0.0009252369
0.0030776487 0.0000000000 0.0030776487
0.0059441829 0.0000000000 0.0059441829
0.0015963017 0.0000000000 0.0015963017
0.0007678393 0.0000000000 0.0007678393
0.0031003526 0.0000000000 0.0031003526
0.0054158709 0.0000000000 0.0054158709
0.0028087211 0.0000000000 0.0028087211
0.0052745915 0.0000000000 0.0052738088
0.0059727501 0.0000000000 0.0059727501
0.0018633053 0.0000000000 0.0018633053
0.0055759329 0.0000000000 0.0055759329
0.0015317030 0.0000000000 0.0015317030
0.0013809709 0.0000000000 0.0013809709
0.0011949995 0.0000000000 0.0011949995
0.0017364599 0.0000000000 0.0017356769
0.0056733777 0.0000000000 0.0056741604
0.0010031517 0.0000000000 0.0010031517
0.0040425171 0.0000000000 0.0040425171
0.0003958696 0.0000000000 0.0003958696
0.0055998050 0.0000000000 0.0055998050
0.0003978274 0.0000000000 0.0003978274
0.0056542019 0.0000000000 0.0056542019
0.0010031517 0.0000000000 0.0010031517
0.0041493709 0.0000000000 0.0041493709
0.0028983644 0.0000000000 0.0028983644
0.0058944837 0.0000000000 0.0058944837
0.0034616504 0.0000000000 0.0034608675
0.0032091739 0.0000000000 0.0032091739
0.0004130980 0.0000000000 0.0004130980
0.0044566179 0.0000000000 0.0044574007
0.0018034063 0.0000000000 0.0018034063
0.0031003526 0.0000000000 0.0031003526
0.0060024912 0.0000000000 0.0060024912
0.0060052305 0.0000000000 0.0060052305
0.0058334354 0.0000000000 0.0058334354
0.0020218597 0.0000000000 0.0020218597
0.0060118831 0.0000000000 0.0060118831
0.0057590813 0.0000000000 0.0057602553
0.0014455706 0.0000000000 0.0014455706
0.0013065828 0.0000000000 0.0013073658
0.0028087211 0.0000000000 0.0028087211
0.0043564213 0.0000000000 0.0043564213
0.0020218597 0.0000000000 0.0020218597
0.0059520096 0.0000000000 0.0059520096
0.0055219270 0.0000000000 0.0055227097
0.0057496892 0.0000000000 0.0057504719
0.0053462099 0.0000000000 0.0053473839
0.0010031517 0.0000000000 0.0010031517
0.0009624325 0.0000000000 0.0009624325
0.0020645319 0.0000000000 0.0020657064
0.0006362811 0.0000000000 0.0006362811
0.0015258303 0.0000000000 0.0015258303
0.0003993936 0.0000000000 0.0003993936
0.0059003537 0.0000000000 0.0059003537
0.0026693612 0.0000000000 0.0026693612
0.0033360001 0.0000000000 0.0033367830
0.0028087211 0.0000000000 0.0028087211
0.0037489567 0.0000000000 0.0037489567
0.0005787238 0.0000000000 0.0005787238
0.0048190396 0.0000000000 0.0048190396
0.0058944837 0.0000000000 0.0058944837
0.0012321941 0.0000000000 0.0012329771
0.0059441829 0.0000000000 0.0059441829
0.0030784316 0.0000000000 0.0030776487
0.0059727501 0.0000000000 0.0059727501
0.0026693612 0.0000000000 0.0026693612
0.0037019862 0.0000000000 0.0037019862
0.0058326528 0.0000000000 0.0058326528
0.0014467452 0.0000000000 0.0014467452
0.0006629061 0.0000000000 0.0006629061
0.0007208544 0.0000000000 0.0007208544
0.0005235155 0.0000000000 0.0005235155
0.0015258303 0.0000000000 0.0015258303
0.0056733777 0.0000000000 0.0056733777
0.0033367830 0.0000000000 0.0033367830
0.0022497037 0.0000000000 0.0022497037
0.0004130980 0.0000000000 0.0004130980
0.0047329363 0.0000000000 0.0047329363
0.0058678730 0.0000000000 0.0058678730
0.0056733777 0.0000000000 0.0056733777
0.0049838078 0.0000000000 0.0049849819
0.0054158709 0.0000000000 0.0054158709
0.0043552471 0.0000000000 0.0043552471
0.0007200713 0.0000000000 0.0007208544
0.0056733777 0.0000000000 0.0056741604
0.0004264108 0.0000000000 0.0004264108
0.0011397947 0.0000000000 0.0011386202
0.0054158709 0.0000000000 0.0054158709
0.0051376151 0.0000000000 0.0051376151
0.0024689300 0.0000000000 0.0024689300
0.0040425171 0.0000000000 0.0040425171
0.0004452054 0.0000000000 0.0004452054
0.0006362811 0.0000000000 0.0006362811
0.0020989827 0.0000000000 0.0020989827
0.0003993936 0.0000000000 0.0003993936
0.0038765587 0.0000000000 0.0038765587
0.0060177530 0.0000000000 0.0060177530
0.0040417343 0.0000000000 0.0040425171
0.0007494369 0.0000000000 0.0007494369
0.0032929420 0.0000000000 0.0032929420
0.0023565772 0.0000000000 0.0023565772
0.0057183820 0.0000000000 0.0057191646
0.0046425271 0.0000000000 0.0046433098
0.0059214857 0.0000000000 0.0059214857
0.0009252369 0.0000000000 0.0009252369
0.0055418857 0.0000000000 0.0055418857
0.0059520096 0.0000000000 0.0059520096
0.0057974325 0.0000000000 0.0057982151
0.0020989827 0.0000000000 0.0020989827
0.0025797157 0.0000000000 0.0025797157
0.0026693612 0.0000000000 0.0026693612
0.0020218597 0.0000000000 0.0020206852
0.0018644798 0.0000000000 0.0018644798
0.0054655726 0.0000000000 0.0054655726
0.0004452054 0.0000000000 0.0004444223
0.0047329363 0.0000000000 0.0047329363
0.0049478017 0.0000000000 0.0049478017
0.0060177530 0.0000000000 0.0060177530
0.0037019862 0.0000000000 0.0037019862
0.0008457553 0.0000000000 0.0008457553
0.0035829933 0.0000000000 0.0035829933
0.0019435615 0.0000000000 0.0019435615
0.0036514927 0.0000000000 0.0036514927
0.0054808353 0.0000000000 0.0054808353
0.0004397236 0.0000000000 0.0004397236
0.0021898071 0.0000000000 0.0021898071
0.0006629061 0.0000000000 0.0006636892
0.0039321394 0.0000000000 0.0039321394
0.0045622930 0.0000000000 0.0045622930
0.0020989827 0.0000000000 0.0020989827
0.0008019032 0.0000000000 0.0008019032
0.0047329363 0.0000000000 0.0047329363
0.0059214857 0.0000000000 0.0059214857
0.0042542665 0.0000000000 0.0042542665
0.0038186292 0.0000000000 0.0038194120
0.0052745915 0.0000000000 0.0052745915
0.0020989827 0.0000000000 0.0020989827
0.0045622930 0.0000000000 0.0045622930
0.0058334354 0.0000000000 0.0058334354
0.0016659896 0.0000000000 0.0016671641
0.0059946646 0.0000000000 0.0059958386
0.0020018937 0.0000000000 0.0020018937
0.0045501600 0.0000000000 0.0045501600
0.0055990223 0.0000000000 0.0055998050
0.0007333837 0.0000000000 0.0007333837
0.0045622930 0.0000000000 0.0045622930
0.0049027939 0.0000000000 0.0049039680
0.0060185356 0.0000000000 0.0060177530
0.0004271939 0.0000000000 0.0004271939
0.0051376151 0.0000000000 0.0051376151
0.0060052305 0.0000000000 0.0060052305
0.0041200156 0.0000000000 0.0041188414
0.0024689300 0.0000000000 0.0024689300
0.0006073067 0.0000000000 0.0006073067
0.0018034063 0.0000000000 0.0018034063
0.0018711352 0.0000000000 0.0018699607
0.0044566179 0.0000000000 0.0044574007
0.0032929420 0.0000000000 0.0032929420
0.0056256338 0.0000000000 0.0056256338
0.0018699607 0.0000000000 0.0018699607
0.0020989827 0.0000000000 0.0020989827
0.0030776487 0.0000000000 0.0030776487
0.0006914888 0.0000000000 0.0006914888
0.0020018937 0.0000000000 0.0020018937
0.0012321941 0.0000000000 0.0012321941
0.0033360001 0.0000000000 0.0033367830
0.0019369062 0.0000000000 0.0019369062
0.0056534192 0.0000000000 0.0056534192
0.0016659896 0.0000000000 0.0016671641
0.0008422315 0.0000000000 0.0008422315
0.0007208544 0.0000000000 0.0007208544
0.0008058185 0.0000000000 0.0008058185
0.0051376151 0.0000000000 0.0051376151
0.0004033092 0.0000000000 0.0004033092
0.0020218597 0.0000000000 0.0020218597
0.0033857124 0.0000000000 0.0033864953
0.0046644445 0.0000000000 0.0046644445
0.0035829933 0.0000000000 0.0035829933
0.0026693612 0.0000000000 0.0026693612
0.0060177530 0.0000000000 0.0060165790
0.0043552471 0.0000000000 0.0043564213
0.0059520096 0.0000000000 0.0059520096
0.0010806743 0.0000000000 0.0010806743
0.0054064785 0.0000000000 0.0054064785
0.0011949995 0.0000000000 0.0011949995
0.0015258303 0.0000000000 0.0015258303
0.0014455706 0.0000000000 0.0014455706
0.0024689300 0.0000000000 0.0024689300
0.0046433098 0.0000000000 0.0046433098
0.0004271939 0.0000000000 0.0004264108
0.0004072247 0.0000000000 0.0004072247
0.0013065828 0.0000000000 0.0013065828
0.0060052305 0.0000000000 0.0060052305
0.0057504719 0.0000000000 0.0057504719
0.0057039024 0.0000000000 0.0057039024
0.0042542665 0.0000000000 0.0042542665
0.0009021364 0.0000000000 0.0009021364
0.0006629061 0.0000000000 0.0006636892
0.0003958696 0.0000000000 0.0003946950
0.0003978274 0.0000000000 0.0003978274
0.0052088431 0.0000000000 0.0052080604
0.0045501600 0.0000000000 0.0045501600
0.0008019032 0.0000000000 0.0008019032
0.0057935191 0.0000000000 0.0057935191
0.0039998535 0.0000000000 0.0039998535
0.0007333837 0.0000000000 0.0007333837
0.0042542665 0.0000000000 0.0042542665
0.0011566303 0.0000000000 0.0011566303
0.0058659163 0.0000000000 0.0058659163
0.0039321394 0.0000000000 0.0039321394
0.0007200713 0.0000000000 0.0007208544
0.0008457553 0.0000000000 0.0008457553
0.0004957155 0.0000000000 0.0004957155
0.0047329363 0.0000000000 0.0047329363
0.0011566303 0.0000000000 0.0011566303
0.0033857124 0.0000000000 0.0033857124
0.0026885429 0.0000000000 0.0026885429
0.0058659163 0.0000000000 0.0058659163
0.0049478017 0.0000000000 0.0049478017
0.0049849819 0.0000000000 0.0049838078
0.0057183820 0.0000000000 0.0057183820
0.0054808353 0.0000000000 0.0054808353
0.0010031517 0.0000000000 0.0010031517
0.0032929420 0.0000000000 0.0032929420
0.0005513155 0.0000000000 0.0005513155
0.0004185798 0.0000000000 0.0004185798
0.0058326528 0.0000000000 0.0058326528
0.0005520986 0.0000000000 0.0005520986
0.0013809709 0.0000000000 0.0013809709
0.0015305284 0.0000000000 0.0015305284
0.0041493709 0.0000000000 0.0041493709
0.0047329363 0.0000000000 0.0047329363
0.0057974325 0.0000000000 0.0057974325
0.0047615070 0.0000000000 0.0047615070
0.0050342945 0.0000000000 0.0050342945
0.0056733777 0.0000000000 0.0056733777
0.0004655661 0.0000000000 0.0004663492
0.0005235155 0.0000000000 0.0005235155
0.0031003526 0.0000000000 0.0031003526
0.0013797963 0.0000000000 0.0013809709
0.0030001419 0.0000000000 0.0030013163
0.0043478105 0.0000000000 0.0043478105
0.0003978274 0.0000000000 0.0003978274
0.0022477463 0.0000000000 0.0022477463
0.0004530364 0.0000000000 0.0004530364
0.0010806743 0.0000000000 0.0010806743
0.0007678393 0.0000000000 0.0007678393
0.0044546610 0.0000000000 0.0044546610
0.0006629061 0.0000000000 0.0006629061
0.0010043263 0.0000000000 0.0010031517
0.0060177530 0.0000000000 0.0060177530
0.0052088431 0.0000000000 0.0052088431
0.0004033092 0.0000000000 0.0004033092
0.0060177530 0.0000000000 0.0060165790
0.0021898071 0.0000000000 0.0021898071
0.0015963017 0.0000000000 0.0015963017
0.0004397236 0.0000000000 0.0004397236
0.0019369062 0.0000000000 0.0019369062
0.0042350879 0.0000000000 0.0042350879
0.0041493709 0.0000000000 0.0041493709
0.0021898071 0.0000000000 0.0021898071
0.0038765587 0.0000000000 0.0038765587
0.0014541839 0.0000000000 0.0014534009
0.0016166600 0.0000000000 0.0016166600
0.0057039024 0.0000000000 0.0057039024
0.0059520096 0.0000000000 0.0059520096
0.0056542019 0.0000000000 0.0056542019
0.0005235155 0.0000000000 0.0005235155
0.0005215578 0.0000000000 0.0005215578
0.0059899686 0.0000000000 0.0059899686
0.0006617315 0.0000000000 0.0006617315
0.0004530364 0.0000000000 0.0004530364
0.0017822654 0.0000000000 0.0017822654
0.0010806743 0.0000000000 0.0010806743
0.0047615070 0.0000000000 0.0047615070
0.0046433098 0.0000000000 0.0046433098
0.0039321394 0.0000000000 0.0039321394
0.0007494369 0.0000000000 0.0007494369
0.0019435615 0.0000000000 0.0019427786
0.0025797157 0.0000000000 0.0025797157
0.0051184382 0.0000000000 0.0051184382
0.0017004418 0.0000000000 0.0017004418
0.0056741604 0.0000000000 0.0056733777
0.0004271939 0.0000000000 0.0004264108
0.0043478105 0.0000000000 0.0043478105
0.0030001419 0.0000000000 0.0030013163
0.0005015888 0.0000000000 0.0005027634
0.0013617866 0.0000000000 0.0013617866
0.0020657064 0.0000000000 0.0020657064
0.0019435615 0.0000000000 0.0019435615
0.0045622930 0.0000000000 0.0045622930
0.0059946646 0.0000000000 0.0059946646
0.0028087211 0.0000000000 0.0028087211
0.0004185798 0.0000000000 0.0004185798
0.0034761333 0.0000000000 0.0034761333
0.0008422315 0.0000000000 0.0008422315
0.0046644445 0.0000000000 0.0046644445
0.0047329363 0.0000000000 0.0047329363
0.0020989827 0.0000000000 0.0020989827
0.0005501409 0.0000000000 0.0005513155
0.0005015888 0.0000000000 0.0005027634
0.0032091739 0.0000000000 0.0032091739
0.0020018937 0.0000000000 0.0020018937
0.0046644445 0.0000000000 0.0046644445
0.0008019032 0.0000000000 0.0008019032
0.0054808353 0.0000000000 0.0054808353
0.0052765483 0.0000000000 0.0052777224
0.0056542019 0.0000000000 0.0056542019
0.0033367830 0.0000000000 0.0033367830
0.0004530364 0.0000000000 0.0004530364
0.0038186292 0.0000000000 0.0038186292
0.0048570031 0.0000000000 0.0048570031
0.0006084814 0.0000000000 0.0006084814
0.0054064785 0.0000000000 0.0054064785
0.0038765587 0.0000000000 0.0038757759
0.0042350879 0.0000000000 0.0042350879
0.0033367830 0.0000000000 0.0033367830
0.0036514927 0.0000000000 0.0036514927
0.0026885429 0.0000000000 0.0026885429
0.0041493709 0.0000000000 0.0041493709
0.0004397236 0.0000000000 0.0004397236
0.0016166600 0.0000000000 0.0016166600
0.0041493709 0.0000000000 0.0041493709
0.0058326528 0.0000000000 0.0058326528
0.0038765587 0.0000000000 0.0038765587
0.0055998050 0.0000000000 0.0055998050
0.0009021364 0.0000000000 0.0009021364
0.0035829933 0.0000000000 0.0035829933
0.0006981450 0.0000000000 0.0006981450
0.0031003526 0.0000000000 0.0031003526
0.0057496892 0.0000000000 0.0057504719
0.0020989827 0.0000000000 0.0020989827
0.0004146642 0.0000000000 0.0004158389
0.0018711352 0.0000000000 0.0018699607
0.0019369062 0.0000000000 0.0019369062
0.0022477463 0.0000000000 0.0022477463
0.0041200156 0.0000000000 0.0041188414
0.0055759329 0.0000000000 0.0055759329
0.0031003526 0.0000000000 0.0031003526
0.0006362811 0.0000000000 0.0006362811
0.0060024912 0.0000000000 0.0060024912
0.0032929420 0.0000000000 0.0032929420
0.0004957155 0.0000000000 0.0004957155
0.0034761333 0.0000000000 0.0034761333
0.0054158709 0.0000000000 0.0054158709
0.0057039024 0.0000000000 0.0057039024
0.0003978274 0.0000000000 0.0003978274
0.0004264108 0.0000000000 0.0004264108
0.0039321394 0.0000000000 0.0039321394
0.0034761333 0.0000000000 0.0034761333
0.0003946950 0.0000000000 0.0003946950
0.0004530364 0.0000000000 0.0004530364
0.0028983644 0.0000000000 0.0028991474
0.0056741604 0.0000000000 0.0056733777
0.0022497037 0.0000000000 0.0022497037
0.0051376151 0.0000000000 0.0051376151
0.0052777224 0.0000000000 0.0052765483
0.0048198223 0.0000000000 0.0048190396
0.0021898071 0.0000000000 0.0021898071
0.0056741604 0.0000000000 0.0056733777
0.0057590813 0.0000000000 0.0057602553
0.0043564213 0.0000000000 0.0043564213
0.0026885429 0.0000000000 0.0026885429
0.0017004418 0.0000000000 0.0017004418
0.0028983644 0.0000000000 0.0028983644
0.0031003526 0.0000000000 0.0031003526
0.0046433098 0.0000000000 0.0046433098
0.0007333837 0.0000000000 0.0007333837
0.0055998050 0.0000000000 0.0055998050
0.0006245348 0.0000000000 0.0006257094
0.0046433098 0.0000000000 0.0046433098
0.0037019862 0.0000000000 0.0037019862
0.0051184382 0.0000000000 0.0051184382
0.0007494369 0.0000000000 0.0007494369
0.0032079996 0.0000000000 0.0032079996
0.0004072247 0.0000000000 0.0004072247
0.0053434704 0.0000000000 0.0053434704
0.0047329363 0.0000000000 0.0047329363
0.0059805767 0.0000000000 0.0059813594
0.0010031517 0.0000000000 0.0010031517
0.0013065828 0.0000000000 0.0013065828
0.0056733777 0.0000000000 0.0056733777
0.0049838078 0.0000000000 0.0049849819
0.0060177530 0.0000000000 0.0060177530
0.0060177530 0.0000000000 0.0060177530
0.0004796619 0.0000000000 0.0004796619
0.0056542019 0.0000000000 0.0056542019
0.0048570031 0.0000000000 0.0048570031
0.0029441644 0.0000000000 0.0029441644
0.0035829933 0.0000000000 0.0035829933
0.0033864953 0.0000000000 0.0033864953
0.0049466276 0.0000000000 0.0049466276
0.0020657064 0.0000000000 0.0020657064
0.0057191646 0.0000000000 0.0057191646
0.0033360001 0.0000000000 0.0033367830
0.0043552471 0.0000000000 0.0043564213
0.0014541839 0.0000000000 0.0014534009
0.0017822654 0.0000000000 0.0017822654
0.0018711352 0.0000000000 0.0018699607
0.0032929420 0.0000000000 0.0032929420
0.0013065828 0.0000000000 0.0013073658
0.0017822654 0.0000000000 0.0017822654
0.0059281383 0.0000000000 0.0059269643
0.0017004418 0.0000000000 0.0017004418
0.0052777224 0.0000000000 0.0052765483
0.0038765587 0.0000000000 0.0038765587
0.0012521616 0.0000000000 0.0012521616
0.0031003526 0.0000000000 0.0031003526
0.0004452054 0.0000000000 0.0004452054
0.0049478017 0.0000000000 0.0049478017
0.0029441644 0.0000000000 0.0029441644
0.0054158709 0.0000000000 0.0054158709
0.0057183820 0.0000000000 0.0057191646
0.0060024912 0.0000000000 0.0060024912
0.0041493709 0.0000000000 0.0041493709
0.0007208544 0.0000000000 0.0007200713
0.0057496892 0.0000000000 0.0057504719
0.0045622930 0.0000000000 0.0045622930
0.0048570031 0.0000000000 0.0048570031
0.0004530364 0.0000000000 0.0004530364
0.0059727501 0.0000000000 0.0059727501
0.0043564213 0.0000000000 0.0043564213
0.0050342945 0.0000000000 0.0050342945
0.0046425271 0.0000000000 0.0046433098
0.0014541839 0.0000000000 0.0014541839
0.0011378371 0.0000000000 0.0011378371
0.0048570031 0.0000000000 0.0048570031
0.0052080604 0.0000000000 0.0052080604
0.0011378371 0.0000000000 0.0011378371
0.0021287356 0.0000000000 0.0021275612
0.0060165790 0.0000000000 0.0060177530
0.0011566303 0.0000000000 0.0011566303
0.0040425171 0.0000000000 0.0040425171
0.0041200156 0.0000000000 0.0041188414
0.0005501409 0.0000000000 0.0005513155
0.0046433098 0.0000000000 0.0046433098
0.0007780193 0.0000000000 0.0007772362
0.0033857124 0.0000000000 0.0033857124
0.0007678393 0.0000000000 0.0007678393
0.0008422315 0.0000000000 0.0008422315
0.0028087211 0.0000000000 0.0028087211
0.0054808353 0.0000000000 0.0054808353
0.0003958696 0.0000000000 0.0003946950
0.0014541839 0.0000000000 0.0014534009
0.0003958696 0.0000000000 0.0003946950
0.0014541839 0.0000000000 0.0014541839
0.0008457553 0.0000000000 0.0008457553
0.0057590813 0.0000000000 0.0057602553
0.0037019862 0.0000000000 0.0037031605
0.0060177530 0.0000000000 0.0060177530
0.0005215578 0.0000000000 0.0005215578
0.0039998535 0.0000000000 0.0039998535
0.0005215578 0.0000000000 0.0005215578
0.0010223366 0.0000000000 0.0010215536
0.0060177530 0.0000000000 0.0060165790
0.0057191646 0.0000000000 0.0057191646
0.0013065828 0.0000000000 0.0013073658
0.0004957155 0.0000000000 0.0004957155
0.0008019032 0.0000000000 0.0008019032
0.0007333837 0.0000000000 0.0007333837
0.0011957826 0.0000000000 0.0011957826
0.0007678393 0.0000000000 0.0007678393
0.0004452054 0.0000000000 0.0004444223
0.0020989827 0.0000000000 0.0020989827
0.0055219270 0.0000000000 0.0055227097
0.0003958696 0.0000000000 0.0003958696
0.0005787238 0.0000000000 0.0005798985
0.0004663492 0.0000000000 0.0004663492
0.0054064785 0.0000000000 0.0054064785
0.0012521616 0.0000000000 0.0012521616
0.0020989827 0.0000000000 0.0020989827
0.0052745915 0.0000000000 0.0052738088
0.0004072247 0.0000000000 0.0004072247
0.0018034063 0.0000000000 0.0018034063
0.0015963017 0.0000000000 0.0015963017
0.0008019032 0.0000000000 0.0008019032
0.0008422315 0.0000000000 0.0008422315
0.0013065828 0.0000000000 0.0013065828
0.0046433098 0.0000000000 0.0046433098
0.0004099656 0.0000000000 0.0004099656
0.0059281383 0.0000000000 0.0059269643
0.0049838078 0.0000000000 0.0049838078
0.0058678730 0.0000000000 0.0058678730
0.0006257094 0.0000000000 0.0006257094
0.0054158709 0.0000000000 0.0054158709
0.0008422315 0.0000000000 0.0008422315
0.0040425171 0.0000000000 0.0040425171
0.0010031517 0.0000000000 0.0010031517
0.0004663492 0.0000000000 0.0004663492
0.0013617866 0.0000000000 0.0013617866
0.0032929420 0.0000000000 0.0032929420
0.0059214857 0.0000000000 0.0059214857
0.0042350879 0.0000000000 0.0042350879
0.0031978221 0.0000000000 0.0031978221
0.0049039680 0.0000000000 0.0049039680
0.0039321394 0.0000000000 0.0039321394
0.0006617315 0.0000000000 0.0006617315
0.0044546610 0.0000000000 0.0044546610
0.0059520096 0.0000000000 0.0059520096
0.0005520986 0.0000000000 0.0005520986
0.0020657064 0.0000000000 0.0020657064
0.0015258303 0.0000000000 0.0015258303
0.0006257094 0.0000000000 0.0006257094
0.0053462099 0.0000000000 0.0053473839
0.0033864953 0.0000000000 0.0033864953
0.0010031517 0.0000000000 0.0010031517
0.0041493709 0.0000000000 0.0041493709
0.0020018937 0.0000000000 0.0020018937
0.0007780193 0.0000000000 0.0007780193
0.0053462099 0.0000000000 0.0053473839
0.0059281383 0.0000000000 0.0059269643
0.0003958696 0.0000000000 0.0003958696
0.0037019862 0.0000000000 0.0037031605
0.0020218597 0.0000000000 0.0020218597
0.0004033092 0.0000000000 0.0004033092
0.0058678730 0.0000000000 0.0058678730
0.0045622930 0.0000000000 0.0045622930
0.0047329363 0.0000000000 0.0047329363
0.0058659163 0.0000000000 0.0058659163
0.0060024912 0.0000000000 0.0060024912
0.0004130980 0.0000000000 0.0004130980
0.0019435615 0.0000000000 0.0019435615
0.0020218597 0.0000000000 0.0020218597
0.0051376151 0.0000000000 0.0051376151
0.0029441644 0.0000000000 0.0029441644
0.0020218597 0.0000000000 0.0020218597
0.0004099656 0.0000000000 0.0004099656
0.0031003526 0.0000000000 0.0031003526
0.0035657705 0.0000000000 0.0035657705
0.0054064785 0.0000000000 0.0054064785
0.0053473839 0.0000000000 0.0053473839
0.0031003526 0.0000000000 0.0031003526
0.0010031517 0.0000000000 0.0010031517
0.0012321941 0.0000000000 0.0012329771
0.0054808353 0.0000000000 0.0054808353
0.0020989827 0.0000000000 0.0020989827
0.0004271939 0.0000000000 0.0004264108
0.0009240623 0.0000000000 0.0009240623
0.0047329363 0.0000000000 0.0047329363
0.0028087211 0.0000000000 0.0028087211
0.0012521616 0.0000000000 0.0012521616
0.0004957155 0.0000000000 0.0004957155
0.0059641408 0.0000000000 0.0059641408
0.0027942371 0.0000000000 0.0027942371
0.0058944837 0.0000000000 0.0058944837
0.0048198223 0.0000000000 0.0048198223
0.0058659163 0.0000000000 0.0058659163
0.0033864953 0.0000000000 0.0033864953
0.0050342945 0.0000000000 0.0050342945
0.0014467452 0.0000000000 0.0014455706
0.0045622930 0.0000000000 0.0045622930
0.0018699607 0.0000000000 0.0018699607
0.0051376151 0.0000000000 0.0051376151
0.0012521616 0.0000000000 0.0012521616
0.0011949995 0.0000000000 0.0011949995
0.0060138397 0.0000000000 0.0060130570
0.0042350879 0.0000000000 0.0042350879
0.0023565772 0.0000000000 0.0023565772
0.0003958696 0.0000000000 0.0003958696
0.0046425271 0.0000000000 0.0046433098
0.0007200713 0.0000000000 0.0007208544
0.0005027634 0.0000000000 0.0005027634
0.0059269643 0.0000000000 0.0059269643
0.0006914888 0.0000000000 0.0006914888
0.0059441829 0.0000000000 0.0059441829
0.0010806743 0.0000000000 0.0010814574
0.0043552471 0.0000000000 0.0043552471
0.0032079996 0.0000000000 0.0032079996
0.0031003526 0.0000000000 0.0031003526
0.0024689300 0.0000000000 0.0024689300
0.0056256338 0.0000000000 0.0056268078
0.0003939118 0.0000000000 0.0003946950
0.0060130570 0.0000000000 0.0060130570
0.0049027939 0.0000000000 0.0049039680
0.0055759329 0.0000000000 0.0055759329
0.0020018937 0.0000000000 0.0020018937
0.0055418857 0.0000000000 0.0055418857
0.0013617866 0.0000000000 0.0013617866
0.0049027939 0.0000000000 0.0049027939
0.0021745393 0.0000000000 0.0021733648
0.0004271939 0.0000000000 0.0004271939
0.0057183820 0.0000000000 0.0057183820
0.0041188414 0.0000000000 0.0041200156
0.0038765587 0.0000000000 0.0038765587
0.0059269643 0.0000000000 0.0059269643
0.0005215578 0.0000000000 0.0005215578
0.0005520986 0.0000000000 0.0005520986
0.0030001419 0.0000000000 0.0030013163
0.0054655726 0.0000000000 0.0054655726
0.0050620816 0.0000000000 0.0050620816
0.0003946950 0.0000000000 0.0003946950
0.0020018937 0.0000000000 0.0020018937
0.0006914888 0.0000000000 0.0006914888
0.0005501409 0.0000000000 0.0005501409
0.0059520096 0.0000000000 0.0059520096
0.0004530364 0.0000000000 0.0004530364
0.0004099656 0.0000000000 0.0004099656
0.0006981450 0.0000000000 0.0006981450
0.0013073658 0.0000000000 0.0013073658
0.0004271939 0.0000000000 0.0004264108
0.0014455706 0.0000000000 0.0014455706
0.0042542665 0.0000000000 0.0042542665
0.0053434704 0.0000000000 0.0053434704
0.0005520986 0.0000000000 0.0005520986
0.0059805767 0.0000000000 0.0059805767
0.0026693612 0.0000000000 0.0026693612
0.0038765587 0.0000000000 0.0038765587
0.0019369062 0.0000000000 0.0019369062
0.0003993936 0.0000000000 0.0003993936
0.0057183820 0.0000000000 0.0057191646
0.0010223366 0.0000000000 0.0010223366
0.0059214857 0.0000000000 0.0059214857
0.0059520096 0.0000000000 0.0059520096
0.0057183820 0.0000000000 0.0057183820
0.0005501409 0.0000000000 0.0005501409
0.0059520096 0.0000000000 0.0059527922
0.0014541839 0.0000000000 0.0014534009
0.0047615070 0.0000000000 0.0047615070
0.0059805767 0.0000000000 0.0059805767
0.0057183820 0.0000000000 0.0057191646
0.0033864953 0.0000000000 0.0033864953
0.0005027634 0.0000000000 0.0005027634
0.0018034063 0.0000000000 0.0018034063
0.0006362811 0.0000000000 0.0006362811
0.0057039024 0.0000000000 0.0057039024
0.0052745915 0.0000000000 0.0052745915
0.0024689300 0.0000000000 0.0024689300
0.0031978221 0.0000000000 0.0031978221
0.0010031517 0.0000000000 0.0010031517
0.0016659896 0.0000000000 0.0016671641
0.0060138397 0.0000000000 0.0060130570
0.0010043263 0.0000000000 0.0010031517
0.0004957155 0.0000000000 0.0004957155
0.0047329363 0.0000000000 0.0047329363
0.0059805767 0.0000000000 0.0059813594
0.0004530364 0.0000000000 0.0004530364
0.0060177530 0.0000000000 0.0060165790
0.0004072247 0.0000000000 0.0004072247
0.0040425171 0.0000000000 0.0040425171
0.0004185798 0.0000000000 0.0004185798
0.0060130570 0.0000000000 0.0060130570
0.0006362811 0.0000000000 0.0006362811
0.0004099656 0.0000000000 0.0004099656
0.0060177530 0.0000000000 0.0060177530
0.0052777224 0.0000000000 0.0052777224
0.0058326528 0.0000000000 0.0058326528
0.0006914888 0.0000000000 0.0006914888
0.0060177530 0.0000000000 0.0060165790
0.0055759329 0.0000000000 0.0055759329
0.0030001419 0.0000000000 0.0030001419
0.0004185798 0.0000000000 0.0004185798
0.0004397236 0.0000000000 0.0004397236
0.0055418857 0.0000000000 0.0055418857
0.0051184382 0.0000000000 0.0051184382
0.0039321394 0.0000000000 0.0039321394
0.0045622930 0.0000000000 0.0045622930
0.0052088431 0.0000000000 0.0052088431
0.0032929420 0.0000000000 0.0032929420
0.0004655661 0.0000000000 0.0004663492
0.0008457553 0.0000000000 0.0008457553
0.0056542019 0.0000000000 0.0056542019
0.0059441829 0.0000000000 0.0059441829
0.0020018937 0.0000000000 0.0020018937
0.0020657064 0.0000000000 0.0020657064
0.0018041893 0.0000000000 0.0018034063
0.0004033092 0.0000000000 0.0004033092
0.0060024912 0.0000000000 0.0060024912
0.0026693612 0.0000000000 0.0026693612
0.0004530364 0.0000000000 0.0004530364
0.0020645319 0.0000000000 0.0020657064
0.0048570031 0.0000000000 0.0048570031
0.0052080604 0.0000000000 0.0052080604
0.0030784316 0.0000000000 0.0030784316
0.0051376151 0.0000000000 0.0051376151
0.0057183820 0.0000000000 0.0057191646
0.0004264108 0.0000000000 0.0004264108
0.0012321941 0.0000000000 0.0012321941
0.0060197096 0.0000000000 0.0060185356
0.0006914888 0.0000000000 0.0006914888
0.0020018937 0.0000000000 0.0020018937
0.0008422315 0.0000000000 0.0008422315
0.0004271939 0.0000000000 0.0004264108
0.0046644445 0.0000000000 0.0046644445
0.0048570031 0.0000000000 0.0048570031
0.0020645319 0.0000000000 0.0020657064
0.0003946950 0.0000000000 0.0003958696
0.0049027939 0.0000000000 0.0049027939
0.0021898071 0.0000000000 0.0021905900
0.0051184382 0.0000000000 0.0051184382
0.0005015888 0.0000000000 0.0005027634
0.0025797157 0.0000000000 0.0025797157
0.0057590813 0.0000000000 0.0057602553
0.0004130980 0.0000000000 0.0004130980
0.0059899686 0.0000000000 0.0059899686
0.0057935191 0.0000000000 0.0057935191
0.0054064785 0.0000000000 0.0054064785
0.0010806743 0.0000000000 0.0010806743
0.0011566303 0.0000000000 0.0011566303
0.0059805767 0.0000000000 0.0059805767
0.0007678393 0.0000000000 0.0007678393
0.0055759329 0.0000000000 0.0055759329
0.0037019862 0.0000000000 0.0037019862
0.0058334354 0.0000000000 0.0058334354
0.0054158709 0.0000000000 0.0054158709
0.0059520096 0.0000000000 0.0059520096
0.0048570031 0.0000000000 0.0048570031
0.0012321941 0.0000000000 0.0012321941
0.0060197096 0.0000000000 0.0060185356
0.0012521616 0.0000000000 0.0012521616
0.0004957155 0.0000000000 0.0004957155
0.0051982763 0.0000000000 0.0051982763
0.0023831975 0.0000000000 0.0023831975
0.0004072247 0.0000000000 0.0004072247
0.0025280420 0.0000000000 0.0025280420
0.0007494369 0.0000000000 0.0007494369
0.0011949995 0.0000000000 0.0011949995
0.0037489567 0.0000000000 0.0037489567
0.0026693612 0.0000000000 0.0026693612
0.0008058185 0.0000000000 0.0008058185
0.0054655726 0.0000000000 0.0054655726
0.0005520986 0.0000000000 0.0005513155
0.0008058185 0.0000000000 0.0008058185
0.0050620816 0.0000000000 0.0050620816
0.0058334354 0.0000000000 0.0058334354
0.0049838078 0.0000000000 0.0049849819
0.0005501409 0.0000000000 0.0005513155
0.0038765587 0.0000000000 0.0038765587
0.0051184382 0.0000000000 0.0051184382
0.0025797157 0.0000000000 0.0025797157
0.0041200156 0.0000000000 0.0041188414
0.0027942371 0.0000000000 0.0027942371
0.0045501600 0.0000000000 0.0045501600
0.0058326528 0.0000000000 0.0058326528
0.0045622930 0.0000000000 0.0045622930
0.0004702647 0.0000000000 0.0004702647
0.0020218597 0.0000000000 0.0020218597
0.0033360001 0.0000000000 0.0033367830
0.0008019032 0.0000000000 0.0008019032
0.0048570031 0.0000000000 0.0048570031
0.0003939118 0.0000000000 0.0003939118
0.0052745915 0.0000000000 0.0052745915
0.0031003526 0.0000000000 0.0031003526
0.0055759329 0.0000000000 0.0055759329
0.0044566179 0.0000000000 0.0044574007
0.0004452054 0.0000000000 0.0004444223
0.0041200156 0.0000000000 0.0041188414
0.0006981450 0.0000000000 0.0006981450
0.0031978221 0.0000000000 0.0031978221
0.0035829933 0.0000000000 0.0035829933
0.0013610036 0.0000000000 0.0013617866
0.0010043263 0.0000000000 0.0010031517
0.0050620816 0.0000000000 0.0050620816
0.0030001419 0.0000000000 0.0030001419
0.0059727501 0.0000000000 0.0059727501
0.0047615070 0.0000000000 0.0047626812
0.0020018937 0.0000000000 0.0020018937
0.0050342945 0.0000000000 0.0050342945
0.0009021364 0.0000000000 0.0009021364
0.0045622930 0.0000000000 0.0045622930
0.0059520096 0.0000000000 0.0059520096
0.0059520096 0.0000000000 0.0059520096
0.0058944837 0.0000000000 0.0058944837
0.0047615070 0.0000000000 0.0047615070
0.0012321941 0.0000000000 0.0012321941
0.0051982763 0.0000000000 0.0051982763
0.0037019862 0.0000000000 0.0037019862
0.0058944837 0.0000000000 0.0058944837
0.0045622930 0.0000000000 0.0045622930
0.0042350879 0.0000000000 0.0042350879
0.0020989827 0.0000000000 0.0020989827
0.0004663492 0.0000000000 0.0004663492
0.0048570031 0.0000000000 0.0048570031
0.0026885429 0.0000000000 0.0026885429
0.0039998535 0.0000000000 0.0039998535
0.0027950201 0.0000000000 0.0027942371
0.0035829933 0.0000000000 0.0035829933
0.0012521616 0.0000000000 0.0012521616
0.0042542665 0.0000000000 0.0042542665
0.0013065828 0.0000000000 0.0013065828
0.0005215578 0.0000000000 0.0005215578
0.0029441644 0.0000000000 0.0029441644
0.0057590813 0.0000000000 0.0057602553
0.0047329363 0.0000000000 0.0047329363
0.0013065828 0.0000000000 0.0013065828
0.0052765483 0.0000000000 0.0052777224
0.0047329363 0.0000000000 0.0047329363
0.0005215578 0.0000000000 0.0005215578
0.0004702647 0.0000000000 0.0004702647
0.0003978274 0.0000000000 0.0003978274
0.0059269643 0.0000000000 0.0059281383
0.0010031517 0.0000000000 0.0010031517
0.0036514927 0.0000000000 0.0036514927
0.0049478017 0.0000000000 0.0049478017
0.0060024912 0.0000000000 0.0060024912
0.0030776487 0.0000000000 0.0030776487
0.0019435615 0.0000000000 0.0019435615
0.0032929420 0.0000000000 0.0032929420
0.0022477463 0.0000000000 0.0022477463
0.0011378371 0.0000000000 0.0011378371
0.0017822654 0.0000000000 0.0017822654
0.0012521616 0.0000000000 0.0012521616
0.0046425271 0.0000000000 0.0046433098
0.0005501409 0.0000000000 0.0005513155
0.0008019032 0.0000000000 0.0008019032
0.0019369062 0.0000000000 0.0019369062
0.0052745915 0.0000000000 0.0052745915
0.0059641408 0.0000000000 0.0059641408
0.0039998535 0.0000000000 0.0039998535
0.0058659163 0.0000000000 0.0058659163
0.0005520986 0.0000000000 0.0005520986
0.0059805767 0.0000000000 0.0059805767
0.0006257094 0.0000000000 0.0006257094
0.0060052305 0.0000000000 0.0060052305
0.0034761333 0.0000000000 0.0034761333
0.0046425271 0.0000000000 0.0046433098
0.0007494369 0.0000000000 0.0007494369
0.0003978274 0.0000000000 0.0003978274
0.0008422315 0.0000000000 0.0008422315
0.0020989827 0.0000000000 0.0020989827
0.0059214857 0.0000000000 0.0059214857
0.0048198223 0.0000000000 0.0048198223
0.0059727501 0.0000000000 0.0059727501
0.0011378371 0.0000000000 0.0011378371
0.0023831975 0.0000000000 0.0023831975
0.0004033092 0.0000000000 0.0004033092
0.0005215578 0.0000000000 0.0005215578
0.0006617315 0.0000000000 0.0006617315
0.0026693612 0.0000000000 0.0026693612
0.0057183820 0.0000000000 0.0057191646
0.0006981450 0.0000000000 0.0006981450
0.0006257094 0.0000000000 0.0006257094
0.0024689300 0.0000000000 0.0024689300
0.0012521616 0.0000000000 0.0012521616
0.0059805767 0.0000000000 0.0059805767
0.0016166600 0.0000000000 0.0016166600
0.0044546610 0.0000000000 0.0044546610
0.0026693612 0.0000000000 0.0026693612
0.0033864953 0.0000000000 0.0033864953
0.0059003537 0.0000000000 0.0059003537
0.0003958696 0.0000000000 0.0003946950
0.0004397236 0.0000000000 0.0004397236
0.0007333837 0.0000000000 0.0007333837
0.0003958696 0.0000000000 0.0003958696
0.0027950201 0.0000000000 0.0027942371
0.0036514927 0.0000000000 0.0036514927
0.0059727501 0.0000000000 0.0059727501
0.0021898071 0.0000000000 0.0021905900
0.0057039024 0.0000000000 0.0057039024
0.0047329363 0.0000000000 0.0047329363
0.0033864953 0.0000000000 0.0033864953
0.0007333837 0.0000000000 0.0007333837
0.0060118831 0.0000000000 0.0060118831
0.0040425171 0.0000000000 0.0040425171
0.0039998535 0.0000000000 0.0039998535
0.0038765587 0.0000000000 0.0038765587
0.0013617866 0.0000000000 0.0013617866
0.0041493709 0.0000000000 0.0041493709
0.0022504867 0.0000000000 0.0022497037
0.0005513155 0.0000000000 0.0005513155
0.0058326528 0.0000000000 0.0058326528
0.0054064785 0.0000000000 0.0054064785
0.0043564213 0.0000000000 0.0043564213
0.0020218597 0.0000000000 0.0020206852
0.0030001419 0.0000000000 0.0030013163
0.0004655661 0.0000000000 0.0004663492
0.0005798985 0.0000000000 0.0005798985
0.0018633053 0.0000000000 0.0018633053
0.0006629061 0.0000000000 0.0006629061
0.0039998535 0.0000000000 0.0039998535
0.0054808353 0.0000000000 0.0054808353
0.0003946950 0.0000000000 0.0003946950
0.0010223366 0.0000000000 0.0010223366
0.0011566303 0.0000000000 0.0011566303
0.0027942371 0.0000000000 0.0027942371
0.0034616504 0.0000000000 0.0034608675
0.0021898071 0.0000000000 0.0021898071
0.0004185798 0.0000000000 0.0004185798
0.0007208544 0.0000000000 0.0007208544
0.0004702647 0.0000000000 0.0004702647
0.0043564213 0.0000000000 0.0043564213
0.0057183820 0.0000000000 0.0057191646
0.0058334354 0.0000000000 0.0058334354
0.0060118831 0.0000000000 0.0060118831
0.0003993936 0.0000000000 0.0003993936
0.0008457553 0.0000000000 0.0008457553
0.0005215578 0.0000000000 0.0005215578
0.0054064785 0.0000000000 0.0054064785
0.0026693612 0.0000000000 0.0026693612
0.0025797157 0.0000000000 0.0025797157
0.0005520986 0.0000000000 0.0005520986
0.0055759329 0.0000000000 0.0055759329
0.0008422315 0.0000000000 0.0008422315
0.0016166600 0.0000000000 0.0016166600
0.0034616504 0.0000000000 0.0034608675
0.0004033092 0.0000000000 0.0004033092
0.0054808353 0.0000000000 0.0054808353
0.0007678393 0.0000000000 0.0007678393
0.0004957155 0.0000000000 0.0004957155
0.0060052305 0.0000000000 0.0060052305
0.0059899686 0.0000000000 0.0059899686
0.0031003526 0.0000000000 0.0031003526
0.0056256338 0.0000000000 0.0056256338
0.0055219270 0.0000000000 0.0055227097
0.0046425271 0.0000000000 0.0046433098
0.0050342945 0.0000000000 0.0050342945
0.0059805767 0.0000000000 0.0059805767
0.0052745915 0.0000000000 0.0052738088
0.0018633053 0.0000000000 0.0018633053
0.0060118831 0.0000000000 0.0060118831
0.0032929420 0.0000000000 0.0032929420
0.0004158389 0.0000000000 0.0004158389
0.0059441829 0.0000000000 0.0059441829
0.0008422315 0.0000000000 0.0008422315
0.0018711352 0.0000000000 0.0018699607
0.0005520986 0.0000000000 0.0005520986
0.0004099656 0.0000000000 0.0004099656
0.0007333837 0.0000000000 0.0007333837
0.0055759329 0.0000000000 0.0055759329
0.0059805767 0.0000000000 0.0059813594
0.0006351065 0.0000000000 0.0006362811
0.0058659163 0.0000000000 0.0058659163
0.0024689300 0.0000000000 0.0024689300
0.0023565772 0.0000000000 0.0023565772
0.0010806743 0.0000000000 0.0010806743
0.0004099656 0.0000000000 0.0004099656
0.0007780193 0.0000000000 0.0007780193
0.0030001419 0.0000000000 0.0030013163
0.0052745915 0.0000000000 0.0052745915
0.0059946646 0.0000000000 0.0059946646
0.0030784316 0.0000000000 0.0030776487
0.0043478105 0.0000000000 0.0043478105
0.0011957826 0.0000000000 0.0011957826
0.0021733648 0.0000000000 0.0021733648
0.0060118831 0.0000000000 0.0060118831
0.0057039024 0.0000000000 0.0057039024
0.0013073658 0.0000000000 0.0013073658
0.0018034063 0.0000000000 0.0018034063
0.0041493709 0.0000000000 0.0041493709
0.0034761333 0.0000000000 0.0034761333
0.0049466276 0.0000000000 0.0049466276
0.0020018937 0.0000000000 0.0020018937
0.0004033092 0.0000000000 0.0004033092
0.0006636892 0.0000000000 0.0006629061
0.0018699607 0.0000000000 0.0018699607
0.0059805767 0.0000000000 0.0059813594
0.0012321941 0.0000000000 0.0012310195
0.0058318701 0.0000000000 0.0058326528
0.0004452054 0.0000000000 0.0004452054
0.0004655661 0.0000000000 0.0004663492
0.0006617315 0.0000000000 0.0006617315
0.0043552471 0.0000000000 0.0043552471
0.0028087211 0.0000000000 0.0028087211
0.0006362811 0.0000000000 0.0006362811
0.0040425171 0.0000000000 0.0040425171
0.0019435615 0.0000000000 0.0019435615
0.0038765587 0.0000000000 0.0038765587
0.0015305284 0.0000000000 0.0015317030
0.0024689300 0.0000000000 0.0024689300
0.0056256338 0.0000000000 0.0056268078
0.0008457553 0.0000000000 0.0008457553
0.0059899686 0.0000000000 0.0059899686
0.0034761333 0.0000000000 0.0034761333
0.0013797963 0.0000000000 0.0013809709
0.0005892956 0.0000000000 0.0005885125
0.0019435615 0.0000000000 0.0019435615
0.0052080604 0.0000000000 0.0052080604
0.0004452054 0.0000000000 0.0004452054
0.0049027939 0.0000000000 0.0049027939
0.0059520096 0.0000000000 0.0059520096
