0.0000000000 0.6505589875 0.0274550252
0.0578280548 0.3830504793 0.0000000000
0.0000000000 0.0120829812 0.0214654660
0.0092971172 0.4185552710 0.0000000000
0.0168701708 0.6211728611 0.0000000000
0.0000000000 0.4698042762 0.1025896043
0.0513992978 0.0000000000 0.0128499768
0.0419592398 0.3329362250 0.0000000000
0.0528242417 0.6229067186 0.0000000000
0.0723485818 0.3633625722 0.0000000000
0.0000000000 0.0524547617 0.0092088317
0.0259186256 0.4015187578 0.0000000000
0.0040693587 0.6355832511 0.0000000000
0.1206522687 0.3446710719 0.0000000000
0.0000000000 0.0627859620 0.0132734198
0.0075266913 0.3275974384 0.0000000000
0.0987661984 0.6910360528 0.0000000000
0.0089372675 0.3206368930 0.0000000000
0.0066004501 0.0079649168 0.0000000000
0.0831972501 0.3161673163 0.0000000000
0.0000000000 0.6623759718 0.0348736956
0.0450869653 0.4896605950 0.0000000000
0.1040896692 0.0692647556 0.0000000000
0.0412209907 0.4404122433 0.0000000000
0.0826327392 0.7518580608 0.0000000000
0.0000000000 0.3667090112 0.1640707820
0.0435678330 0.1550300879 0.0000000000
0.0000000000 0.3533847398 0.0887335091
0.0000000000 0.5408233899 0.0828874601
0.0000000000 0.3357217013 0.0216101011
0.0570872746 0.0000000000 0.0165248505
0.0978323430 0.2369414679 0.0000000000
0.1377696016 0.7727272106 0.0000000000
0.0000000000 0.4302021123 0.0596541918
0.0751578331 0.0000000000 0.1293526487
0.0000000000 0.3237617418 0.0322183973
0.1239899618 0.6806513405 0.0000000000
0.0127521544 0.3530918245 0.0000000000
0.0603534212 0.0507769046 0.0000000000
0.0000000000 0.3352228539 0.0331297426
0.0000000000 0.6798819136 0.0544363853
0.0321216415 0.3937521056 0.0000000000
0.1089232858 0.1209473534 0.0000000000
0.0647098113 0.3949507099 0.0000000000
0.0000000000 0.6913125473 0.0584858663
0.0657355150 0.3593148933 0.0000000000
0.0000000000 0.0437110109 0.0676047303
0.0301134747 0.2981556127 0.0000000000
0.0000000000 0.6675956776 0.0407073505
0.0000000000 0.4057934093 0.0455286850
0.0222697707 0.0047063584 0.0000000000
0.0000000000 0.3352851691 0.0326764742
0.0137109840 0.5720670971 0.0000000000
0.0000000000 0.3356994987 0.0867249394
0.0285769434 0.0000000000 0.0159991381
0.0321705305 0.3971122378 0.0000000000
0.0000000000 0.5988614177 0.0202265592
0.0254444814 0.3615711559 0.0000000000
0.0000000000 0.1040367061 0.0587448826
0.0000000000 0.3535025519 0.0716039192
0.0220719527 0.6359323475 0.0000000000
0.0000000000 0.3159494278 0.0728602879
0.1439164544 0.0000000000 0.1346381678
0.0000000000 0.3734790689 0.1043225405
0.0000000000 0.6087833852 0.0039776453
0.0556970058 0.3984846136 0.0000000000
0.0211970137 0.0092652288 0.0000000000
0.0111413759 0.2990136185 0.0000000000
0.0000000000 0.6751232553 0.0445362956
0.0660331596 0.4539727511 0.0000000000
0.0291693204 0.0000000000 0.0128699628
0.0000000000 0.3616007633 0.0162143003
0.1004567784 0.7001972894 0.0000000000
0.0598595415 0.3183655257 0.0000000000
0.0380355646 0.0742252038 0.0000000000
0.0000000000 0.3107141201 0.0766807640
0.0000000000 0.6233286288 0.0439497701
0.0000000000 0.3282764601 0.0046049145
0.0000000000 0.0597636904 0.0625953014
0.0000000000 0.3902512880 0.0845024297
0.0000000000 0.6763347067 0.0349960998
0.0954919455 0.4293611115 0.0000000000
0.0727967596 0.2196025827 0.0000000000
0.0000000000 0.4271054618 0.0148839890
0.0000000000 0.6227078075 0.0031685982
0.0313648753 0.3493474626 0.0000000000
0.0028702437 0.0308453687 0.0000000000
0.0000000000 0.3991673558 0.1200934331
0.0000000000 0.7415218596 0.0131644300
0.0299824291 0.2988780691 0.0000000000
0.0326796471 0.0000000000 0.0390288060
0.0459283009 0.3339501859 0.0000000000
0.1257779367 0.6584388134 0.0000000000
0.0000000000 0.3521239035 0.0207665567
0.0000000000 0.1005678681 0.1264806860
0.0000000000 0.4095590022 0.0063873401
0.0000000000 0.6595332879 0.0583496659
0.0670645329 0.3909409740 0.0000000000
0.0265710518 0.0384273272 0.0000000000
0.0122435002 0.3176650351 0.0000000000
0.0196770299 0.6182694352 0.0000000000
0.0000000000 0.3247795857 0.0636167931
0.0000000000 0.0999396496 0.0409649766
0.0000000000 0.2711113165 0.0223059723
0.0000000000 0.6204285745 0.0428774032
0.1296247477 0.3731950874 0.0000000000
0.0000000000 0.1060656074 0.1646971368
0.0000000000 0.4368616752 0.0999939242
0.0418986225 0.5567667972 0.0000000000
0.2031383941 0.3452917735 0.0000000000
0.0587378782 0.0000000000 0.0243940471
0.0845021565 0.3759177874 0.0000000000
0.0391981310 0.5127042434 0.0000000000
0.0000000000 0.4360908231 0.0228870709
0.0332326405 0.0945502988 0.0000000000
0.0405685281 0.3350351937 0.0000000000
0.0000000000 0.7390906580 0.0053203942
0.0000000000 0.3447754263 0.0091971909
0.0781856055 0.0000000000 0.1492258934
0.0641766369 0.3871628727 0.0000000000
0.0000000000 0.6268931864 0.0487288014
0.0747061873 0.4877530367 0.0000000000
0.0000000000 0.0111106047 0.0134302904
0.0063254745 0.3308598070 0.0000000000
0.0000000000 0.6907534494 0.1275855542
0.0062424235 0.4271658151 0.0000000000
0.0000000000 0.0522365332 0.0452194580
0.0113696086 0.4555242716 0.0000000000
