0.4603315286 0.0000000000 0.4294753970
0.1752174226 0.0000000000 0.2318610333
0.0809075721 0.0000000000 0.0356934842
0.0930333776 0.0000000000 0.0932584372
0.2839869400 0.0000000000 0.3096753205
0.2111324494 0.0000000000 0.2957417541
0.0569147457 0.0000000000 0.0808671311
0.2374907281 0.0000000000 0.1726219133
0.3051396332 0.0000000000 0.3608567688
0.1775117641 0.0000000000 0.2517960025
0.1149633373 0.0000000000 0.0902288947
0.2473230112 0.0000000000 0.2139972214
0.3175925216 0.0000000000 0.2745362194
0.0794886919 0.0000000000 0.1546137998
0.0848947832 0.0000000000 0.0250323979
0.1018047756 0.0000000000 0.1442566918
0.2766452551 0.0000000000 0.3490160173
0.2167024141 0.0000000000 0.2566477270
0.0000000000 0.0958514342 0.0480625283
0.2467679776 0.0000000000 0.2153673703
0.4632406664 0.0000000000 0.3874633890
0.1478176829 0.0000000000 0.2020438187
0.0385766324 0.0674202489 0.0000000000
0.0987331693 0.0000000000 0.1575368511
0.4443888923 0.0000000000 0.4236210970
0.2197320590 0.0000000000 0.1947153992
0.0198748892 0.0000000000 0.0291523297
0.3064057785 0.0000000000 0.1641786177
0.4992648603 0.0000000000 0.4306463654
0.2086597808 0.0000000000 0.1714375770
0.0000000000 0.1022434760 0.0898517794
0.2251929404 0.0000000000 0.1815149328
0.3427584162 0.0000000000 0.4446713694
0.2318753334 0.0000000000 0.2563764012
0.0498251881 0.0000000000 0.0505506668
0.2050493552 0.0000000000 0.2075248112
0.4128699137 0.0000000000 0.3461273473
0.2468730463 0.0000000000 0.0307830322
0.0323411251 0.0486982098 0.0000000000
0.1393779021 0.0000000000 0.1792485701
0.2827097812 0.0000000000 0.2244823808
0.1966050657 0.0000000000 0.1018322052
0.1135268220 0.0000000000 0.1380637082
0.0847290260 0.0000000000 0.1219341861
0.4766981599 0.0000000000 0.3900323914
0.2391938047 0.0000000000 0.1740056020
0.0000000000 0.0126199743 0.0154764633
0.1455709462 0.0000000000 0.1609133960
0.3983370468 0.0000000000 0.3892555599
0.2680255976 0.0000000000 0.2160806125
0.0000000000 0.1011407989 0.0540387100
0.1412457103 0.0000000000 0.1431743041
0.2601519278 0.0000000000 0.3712406211
0.0810642387 0.0000000000 0.1932626218
0.0093547127 0.0000000000 0.0318947190
0.2360055166 0.0000000000 0.2260011387
0.3628947798 0.0000000000 0.3925383418
0.2504768151 0.0000000000 0.1795563006
0.0401847085 0.0000000000 0.0979308484
0.3697364934 0.0000000000 0.2036448694
0.3331487601 0.0000000000 0.3256491674
0.1660326994 0.0000000000 0.1219999047
0.0476967021 0.0273557271 0.0000000000
0.0627448179 0.0000000000 0.1464425531
0.3739147469 0.0000000000 0.2745718908
0.1956171723 0.0000000000 0.2507490086
0.0139619145 0.0798723432 0.0000000000
0.3102307937 0.0000000000 0.2983687148
0.3549849299 0.0000000000 0.4157202129
0.1482416837 0.0000000000 0.0525504475
0.0637463630 0.0000000000 0.0092936538
0.1281273277 0.0000000000 0.2326599314
0.2268381295 0.0000000000 0.2111650345
0.1459778036 0.0000000000 0.1715209507
0.0745352181 0.0000000000 0.0314352942
0.1421586182 0.0000000000 0.1100967319
0.2851645732 0.0000000000 0.2908587395
0.1171047264 0.0000000000 0.0810168550
0.0797568009 0.0819666300 0.0000000000
0.2257936251 0.0000000000 0.2121819209
0.2265130016 0.0000000000 0.3056142310
0.0722053928 0.0000000000 0.1723205535
0.1206715811 0.0000000000 0.1480818710
0.2183951984 0.0000000000 0.2360859957
0.4029616903 0.0000000000 0.3655044964
0.0910468381 0.0000000000 0.0937684770
0.1001280188 0.1455121812 0.0000000000
0.0818948474 0.0000000000 0.1285193060
0.4547877031 0.0000000000 0.4827374989
0.1980873900 0.0000000000 0.1778430702
0.0761930069 0.0508724469 0.0000000000
0.1930370505 0.0000000000 0.2108588815
0.3759721866 0.0000000000 0.3947845867
0.1728508319 0.0000000000 0.2183412460
0.1242337032 0.0000000000 0.0923155555
0.2000457537 0.0000000000 0.2346049701
0.4199944683 0.0000000000 0.3978749672
0.1205365299 0.0000000000 0.1441006118
0.0000000000 0.0715455505 0.1104345411
0.3217133953 0.0000000000 0.2585400251
0.3442264638 0.0000000000 0.3655791992
0.1393205292 0.0000000000 0.1499999703
0.0843666664 0.1105294398 0.0000000000
0.1360515521 0.0000000000 0.1504021578
0.3732704781 0.0000000000 0.2998375432
0.2314353805 0.0000000000 0.2555431657
0.0725093347 0.0377496204 0.0000000000
0.2438263661 0.0000000000 0.2898948701
0.3221422585 0.0000000000 0.3752474677
0.2608214886 0.0000000000 0.2281621527
0.0783709599 0.0000000000 0.1261145985
0.1988506592 0.0000000000 0.1620981732
0.3116156984 0.0000000000 0.4183073259
0.2380809017 0.0000000000 0.1496306133
0.1149214919 0.0700198105 0.0000000000
0.2372521647 0.0000000000 0.2239821944
0.3608541961 0.0000000000 0.3641964180
0.2636788722 0.0000000000 0.2414733988
0.0666727499 0.0000000000 0.1069758811
0.2304026990 0.0000000000 0.2186938959
0.5153568599 0.0000000000 0.4183506171
0.2005241685 0.0000000000 0.1274917673
0.0000000000 0.0400293700 0.0000690341
0.2476649295 0.0000000000 0.2163269365
0.3377117170 0.0000000000 0.3298545230
0.2531601787 0.0000000000 0.1899821594
0.0000000000 0.0814184757 0.0202570699
0.1020251900 0.0000000000 0.2047220816
