0.6940055720 0.0000000000 0.6914555299
0.3412301903 0.0000000000 0.3541423071
0.0000000000 0.0180197846 0.0259230790
0.3551576066 0.0000000000 0.3546045200
0.6816399905 0.0000000000 0.6697678062
0.3367324418 0.0000000000 0.3549341286
0.0029704128 0.0063987533 0.0000000000
0.3465280527 0.0000000000 0.3346438026
0.6687891891 0.0000000000 0.6787421079
0.3245696201 0.0000000000 0.3337688336
0.0115290596 0.0000000000 0.0004530494
0.3416076520 0.0000000000 0.3307650233
0.6763164147 0.0000000000 0.6914001110
0.3143836157 0.0000000000 0.3292150523
0.0125794990 0.0014938173 0.0000000000
0.3356903098 0.0000000000 0.3244435095
0.6899773368 0.0000000000 0.6945155131
0.3484945336 0.0000000000 0.3358710538
0.0057042436 0.0000000000 0.0090210466
0.3577599769 0.0000000000 0.3594044843
0.6942469019 0.0000000000 0.6872808789
0.3078440863 0.0000000000 0.3217884975
0.0131311055 0.0000000000 0.0018037958
0.3196417738 0.0000000000 0.3315180231
0.6609048009 0.0000000000 0.6774519810
0.3459609206 0.0000000000 0.3344310162
0.0000000000 0.0040010565 0.0076985188
0.3275581131 0.0000000000 0.3367881974
0.6958752033 0.0000000000 0.6989525845
0.3588354700 0.0000000000 0.3544507104
0.0000000000 0.0058187034 0.0113059966
0.3545256670 0.0000000000 0.3346900318
0.6971768500 0.0000000000 0.7054945748
0.3608008795 0.0000000000 0.3376077772
0.0000000000 0.0294983915 0.0083521146
0.3499605988 0.0000000000 0.3443364514
0.7095423503 0.0000000000 0.7032325522
0.3411974287 0.0000000000 0.3421146826
0.0130974905 0.0000000000 0.0056902335
0.3528451213 0.0000000000 0.3701976030
0.6953913614 0.0000000000 0.6813578264
0.3461704054 0.0000000000 0.3378084318
0.0198215529 0.0000000000 0.0192954170
0.3669642516 0.0000000000 0.3481903977
0.6843118619 0.0000000000 0.6879625452
0.3304501099 0.0000000000 0.3449086931
0.0000000000 0.0136604486 0.0021823652
0.3458741320 0.0000000000 0.3309091491
0.6961351896 0.0000000000 0.6735800828
0.3522466348 0.0000000000 0.3556092182
0.0068630389 0.0000000000 0.0018143069
0.3504709405 0.0000000000 0.3372723422
0.6980161245 0.0000000000 0.6885951964
0.3651800204 0.0000000000 0.3434520024
0.0126221930 0.0000000000 0.0063135155
0.3397560104 0.0000000000 0.3486185337
0.6943427817 0.0000000000 0.7083657164
0.3504021596 0.0000000000 0.3710334157
0.0221398755 0.0000000000 0.0095017834
0.3099006165 0.0000000000 0.3348829391
0.6820412699 0.0000000000 0.6845504956
0.3344808786 0.0000000000 0.3387079747
0.0187815948 0.0000000000 0.0053737362
0.3492360655 0.0000000000 0.3306288632
0.6810812158 0.0000000000 0.6851209778
0.3270705636 0.0000000000 0.3193494657
0.0000000000 0.0067517830 0.0020715412
0.3419796169 0.0000000000 0.3559777589
0.7025292410 0.0000000000 0.7259373046
0.3400548017 0.0000000000 0.3509841830
0.0000000000 0.0073701875 0.0349732065
0.3610024930 0.0000000000 0.3531119732
0.7104304760 0.0000000000 0.7050708006
0.3328184427 0.0000000000 0.3119329192
0.0000000000 0.0200411087 0.0169173019
0.3385229438 0.0000000000 0.3277500842
0.6961969619 0.0000000000 0.6960575895
0.3408225234 0.0000000000 0.3279287609
0.0000000000 0.0172866726 0.0276093465
0.3365548685 0.0000000000 0.3381337840
0.6893111536 0.0000000000 0.6849931759
0.3328309434 0.0000000000 0.3306615712
0.0196704465 0.0093458572 0.0000000000
0.3754642370 0.0000000000 0.3741217588
0.6950491319 0.0000000000 0.6869552525
0.3358206691 0.0000000000 0.3567435873
0.0000000000 0.0034783026 0.0010815756
0.3530911536 0.0000000000 0.3556156932
0.6870156492 0.0000000000 0.6833091138
0.3327718898 0.0000000000 0.3267831521
0.0000000000 0.0167812473 0.0168562052
0.3199575179 0.0000000000 0.3500251136
0.6841713386 0.0000000000 0.7098374010
0.3353171295 0.0000000000 0.3421745450
0.0002456193 0.0079892145 0.0000000000
0.3394289562 0.0000000000 0.3091770278
0.6878932466 0.0000000000 0.6754099331
0.3263723924 0.0000000000 0.3317848870
0.0153567308 0.0049415734 0.0000000000
0.3374004335 0.0000000000 0.3310951034
0.7046701047 0.0000000000 0.7168391577
0.3683019785 0.0000000000 0.3402791753
0.0000000000 0.0090543883 0.0166684414
0.3281366409 0.0000000000 0.3322763944
0.6857513539 0.0000000000 0.6877932854
0.3443391040 0.0000000000 0.3475532985
0.0246880604 0.0140346547 0.0000000000
0.3477695803 0.0000000000 0.3303029881
0.6845538765 0.0000000000 0.7110830073
0.3323651381 0.0000000000 0.3401200711
0.0097784816 0.0000000000 0.0165195058
0.3391702454 0.0000000000 0.3283128045
0.6660889234 0.0000000000 0.6557374230
0.3183133566 0.0000000000 0.3192464419
0.0215087321 0.0000000000 0.0141189658
0.3399968557 0.0000000000 0.3242787176
0.6770499468 0.0000000000 0.7121032423
0.3479886225 0.0000000000 0.3704833701
0.0226658160 0.0000000000 0.0027981589
0.3546607817 0.0000000000 0.3567009143
0.6763877833 0.0000000000 0.6746464513
0.3546210397 0.0000000000 0.3514951111
0.0070348041 0.0000000000 0.0098659759
0.3375200557 0.0000000000 0.3121642159
0.6948083019 0.0000000000 0.6875363641
0.3526210091 0.0000000000 0.3342034667
0.0017115873 0.0000000000 0.0084514730
0.3244352125 0.0000000000 0.3476612463
