0.0094340794 0.3497389695 0.0000000000
0.0000000000 0.1580846121 0.0092296879
0.0050462223 0.0283513179 0.0000000000
0.0000000000 0.1998812137 0.0350466263
0.0082666601 0.3322331186 0.0000000000
0.0117502777 0.1787021853 0.0000000000
0.0191007102 0.0000000000 0.0097995601
0.0049902002 0.1582832272 0.0000000000
0.0000000000 0.3188638072 0.0099780362
0.0009757748 0.1667220709 0.0000000000
0.0000646867 0.0000000000 0.0033589002
0.0000000000 0.1703660370 0.0081659838
0.0000000000 0.3168346452 0.0282805102
0.0000000000 0.1669080948 0.0074657132
0.0096833773 0.0044120276 0.0000000000
0.0000000000 0.1746062321 0.0012298234
0.0000000000 0.3368843048 0.0055298815
0.0065066478 0.1906303608 0.0000000000
0.0101685130 0.0053294206 0.0000000000
0.0000000000 0.1658459712 0.0089919895
0.0029548989 0.3189707524 0.0000000000
0.0000000000 0.1616859254 0.0064081500
0.0000000000 0.0044743438 0.0198866413
0.0095434188 0.2021584906 0.0000000000
0.0289316740 0.3421146103 0.0000000000
0.0128119380 0.1620527491 0.0000000000
0.0025198428 0.0043827834 0.0000000000
0.0000000000 0.1923137254 0.0377505414
0.0004651391 0.3439673966 0.0000000000
0.0000000000 0.1874441117 0.0070297002
0.0193302354 0.0124583848 0.0000000000
0.0000000000 0.1923273297 0.0059411122
0.0094375726 0.3243161159 0.0000000000
0.0000000000 0.1878402184 0.0088653229
0.0184643364 0.0000000000 0.0033168182
0.0027769889 0.1886371285 0.0000000000
0.0000000000 0.3086556328 0.0089423585
0.0066133095 0.1917235286 0.0000000000
0.0153133989 0.0000000000 0.0057813425
0.0000000000 0.1705383980 0.0153101732
0.0023364511 0.3341293653 0.0000000000
0.0000000000 0.1773410011 0.0170662345
0.0000000000 0.0021118726 0.0162642820
0.0000000000 0.2077739411 0.0153250538
0.0000000000 0.3218765776 0.0182152687
0.0076252245 0.1748341067 0.0000000000
0.0143154074 0.0000000000 0.0221485495
0.0000000000 0.1847795449 0.0231185290
0.0000000000 0.3205917203 0.0078809399
0.0000000000 0.1443728342 0.0001915921
0.0079325306 0.0000000000 0.0117474733
0.0052937761 0.1830736451 0.0000000000
0.0000000000 0.3459128940 0.0178178445
0.0000000000 0.1901598955 0.0061831533
0.0099081494 0.0000000000 0.0148470613
0.0189929845 0.1818257578 0.0000000000
0.0000000000 0.3369364097 0.0255129419
0.0009693457 0.1828828876 0.0000000000
0.0000000000 0.0077599675 0.0123569458
0.0000000000 0.1865710747 0.0311481317
0.0059476574 0.3389325681 0.0000000000
0.0082302042 0.1757581133 0.0000000000
0.0177400116 0.0221702172 0.0000000000
0.0111919744 0.1883842090 0.0000000000
0.0000000000 0.3297908860 0.0075404300
0.0093056711 0.1646322214 0.0000000000
0.0025123073 0.0113722396 0.0000000000
0.0000000000 0.1902547696 0.0075564937
0.0000000000 0.3490466481 0.0113573109
0.0000000000 0.1812493379 0.0037026257
0.0000000000 0.0039784629 0.0174723905
0.0071769958 0.1787165961 0.0000000000
0.0055376847 0.3312685862 0.0000000000
0.0011342200 0.1750756481 0.0000000000
0.0083468803 0.0074363737 0.0000000000
0.0000000000 0.1806235696 0.0170510546
0.0178552254 0.3216292446 0.0000000000
0.0140502362 0.1796170374 0.0000000000
0.0000000000 0.0040899303 0.0355838726
0.0114723460 0.1746037282 0.0000000000
0.0000000000 0.3405065140 0.0131983722
0.0000000000 0.1917550151 0.0064120064
0.0172319043 0.0169376107 0.0000000000
0.0108132674 0.1714815673 0.0000000000
0.0056209794 0.3314212657 0.0000000000
0.0159085431 0.1773995524 0.0000000000
0.0089631634 0.0000000000 0.0025415418
0.0000000000 0.1912185224 0.0223036708
0.0120132938 0.3201919967 0.0000000000
0.0000000000 0.1684199842 0.0032187104
0.0095425841 0.0000000000 0.0103622897
0.0000000000 0.1875846170 0.0046255359
0.0000000000 0.3464462170 0.0164719420
0.0150583767 0.1736712290 0.0000000000
0.0286381449 0.0000000000 0.0115199883
0.0000000000 0.1638769113 0.0006632904
0.0076474604 0.3294231559 0.0000000000
0.0000000000 0.1916819167 0.0032616419
0.0133848871 0.0000000000 0.0105449594
0.0000000000 0.1714604612 0.0073401142
0.0130130030 0.3106596048 0.0000000000
0.0000000000 0.1712111357 0.0115251286
0.0000000000 0.0190091147 0.0106850010
0.0000000000 0.1723055405 0.0083808017
0.0000000000 0.3210260959 0.0255065164
0.0000000000 0.1763851701 0.0215598218
0.0000000000 0.0068395226 0.0204180930
0.0000000000 0.1716168073 0.0014909185
0.0000000000 0.3145367169 0.0001157806
0.0000000000 0.1606277619 0.0016863621
0.0140840602 0.0000000000 0.0329310822
0.0000000000 0.1871825049 0.0339804750
0.0020863679 0.3374937800 0.0000000000
0.0023437541 0.1677753994 0.0000000000
0.0000000000 0.0197636780 0.0107973007
0.0076644601 0.1907847305 0.0000000000
0.0000000000 0.3232449738 0.0129071406
0.0096164930 0.2020130153 0.0000000000
0.0230813842 0.0000000000 0.0104392529
0.0000000000 0.1572316220 0.0000689631
0.0000000000 0.3209253375 0.0024948307
0.0009504058 0.1727131410 0.0000000000
0.0069524490 0.0130823346 0.0000000000
0.0000000000 0.1925640629 0.0230105103
0.0000000000 0.3503855011 0.0043776480
0.0000000000 0.1801996326 0.0064891471
0.0128420494 0.0030562091 0.0000000000
0.0028013964 0.1758114878 0.0000000000
