0.3517038788 0.0000000000 0.3436760327
0.1821186399 0.0000000000 0.1757078932
0.0063170976 0.0000000000 0.0036025947
0.1886250732 0.0000000000 0.1709704181
0.3528515517 0.0000000000 0.3617375476
0.2144354717 0.0000000000 0.2253660569
0.0196101528 0.0181234693 0.0000000000
0.1810661903 0.0000000000 0.2013395449
0.3628096623 0.0000000000 0.3725553765
0.1821746992 0.0000000000 0.1965193846
0.0053429424 0.0040294138 0.0000000000
0.1799175837 0.0000000000 0.1817254202
0.3538879292 0.0000000000 0.3471550031
0.1829250067 0.0000000000 0.1944516284
0.0000000000 0.0087341563 0.0240729859
0.1823339655 0.0000000000 0.1601351021
0.3710225869 0.0000000000 0.3565945807
0.1934416698 0.0000000000 0.2019335758
0.0000000000 0.0143189912 0.0110028077
0.1948922598 0.0000000000 0.1950260997
0.3645498894 0.0000000000 0.3629801058
0.1822924812 0.0000000000 0.1871005724
0.0011029477 0.0000000000 0.0079050039
0.1881321640 0.0000000000 0.1687812679
0.3585537384 0.0000000000 0.3495836293
0.1811885698 0.0000000000 0.1981453467
0.0108124863 0.0000000000 0.0128023619
0.1895401842 0.0000000000 0.1763611488
0.3606762262 0.0000000000 0.3580121477
0.1916485121 0.0000000000 0.2078659591
0.0049890708 0.0223339054 0.0000000000
0.1653473477 0.0000000000 0.1822995970
0.3553314616 0.0000000000 0.3701260999
0.2074810080 0.0000000000 0.1904059018
0.0089146509 0.0000000000 0.0124140720
0.1814101578 0.0000000000 0.1807161230
0.3712943729 0.0000000000 0.3693985039
0.1861306070 0.0000000000 0.1938208901
0.0000000000 0.0141553449 0.0169081628
0.2072053834 0.0000000000 0.1953214088
0.3799411657 0.0000000000 0.3706448871
0.1798904347 0.0000000000 0.1719360576
0.0000000000 0.0088160721 0.0151127178
0.1809204895 0.0000000000 0.1824621873
0.3781673004 0.0000000000 0.3683671498
0.1984388389 0.0000000000 0.1916109812
0.0250477065 0.0203609975 0.0000000000
0.1784737462 0.0000000000 0.1908566950
0.3826431485 0.0000000000 0.3840248336
0.1600486502 0.0000000000 0.1675903353
0.0282894153 0.0000000000 0.0235199351
0.2074706937 0.0000000000 0.1778051959
0.3399883495 0.0000000000 0.3668134048
0.1636937784 0.0000000000 0.1700986635
0.0124835972 0.0073099732 0.0000000000
0.2205380732 0.0000000000 0.2028099606
0.3569964100 0.0000000000 0.3625872256
0.1976700322 0.0000000000 0.2030950798
0.0000000000 0.0000844664 0.0084626010
0.1812221078 0.0000000000 0.1850063653
0.3705812727 0.0000000000 0.3686238805
0.1879672556 0.0000000000 0.1832501660
0.0081282646 0.0000000000 0.0169961837
0.2008825088 0.0000000000 0.2053518845
0.3771017634 0.0000000000 0.3697223417
0.1918266099 0.0000000000 0.1916180988
0.0000000000 0.0163955079 0.0309044037
0.1846715325 0.0000000000 0.1746139475
0.3539654870 0.0000000000 0.3688937358
0.1770344370 0.0000000000 0.1723366162
0.0073093184 0.0000000000 0.0058359037
0.1783871479 0.0000000000 0.1770972256
0.3496392442 0.0000000000 0.3680097097
0.1743878180 0.0000000000 0.1809003039
0.0116172689 0.0419183703 0.0000000000
0.1820925850 0.0000000000 0.1851150981
0.3358948580 0.0000000000 0.3325141281
0.1810164251 0.0000000000 0.1955782978
0.0000000000 0.0222552055 0.0316928362
0.2083441774 0.0000000000 0.1709170023
0.3773488478 0.0000000000 0.3624510089
0.1893020554 0.0000000000 0.1884306794
0.0000000000 0.0015984740 0.0072266623
0.1891993995 0.0000000000 0.1673765920
0.3716243764 0.0000000000 0.3634614438
0.1735745544 0.0000000000 0.1975331433
0.0115852384 0.0000000000 0.0003303649
0.1824701108 0.0000000000 0.1591604415
0.3515418299 0.0000000000 0.3487553547
0.1779503432 0.0000000000 0.1997415496
0.0000000000 0.0151846489 0.0041345489
0.1698728277 0.0000000000 0.1767846622
0.3729399406 0.0000000000 0.3611678641
0.1954954723 0.0000000000 0.1790613777
0.0000000000 0.0037095589 0.0023888026
0.1630412553 0.0000000000 0.1663935721
0.3753402224 0.0000000000 0.3673261690
0.1912584502 0.0000000000 0.1974814556
0.0049499076 0.0000000000 0.0015907119
0.1774569968 0.0000000000 0.1643121195
0.3632011237 0.0000000000 0.3557586811
0.1846986188 0.0000000000 0.1922901306
0.0023682194 0.0000000000 0.0126850290
0.1741157737 0.0000000000 0.1881576265
0.3662483264 0.0000000000 0.3583708765
0.1937043015 0.0000000000 0.1962639872
0.0255945168 0.0000000000 0.0001156716
0.2075697605 0.0000000000 0.2054269290
0.3841004893 0.0000000000 0.3704550340
0.2219834205 0.0000000000 0.2116166160
0.0000000000 0.0165832538 0.0146467463
0.1886789122 0.0000000000 0.1787378907
0.3644632844 0.0000000000 0.3746326947
0.1900661419 0.0000000000 0.1742825820
0.0001218858 0.0051673670 0.0000000000
0.1934169428 0.0000000000 0.1733363177
0.3587867564 0.0000000000 0.3647055787
0.1889600087 0.0000000000 0.1932580900
0.0009603689 0.0000000000 0.0018141613
0.1961892574 0.0000000000 0.1907829042
0.3511259134 0.0000000000 0.3480633008
0.1525049717 0.0000000000 0.1707936248
0.0023811092 0.0128032744 0.0000000000
0.1876583791 0.0000000000 0.1863622286
0.3654763032 0.0000000000 0.3738862547
0.1786843505 0.0000000000 0.1840359136
0.0103627690 0.0000000000 0.0079822632
0.1690201062 0.0000000000 0.1725311209
