0.0000000000 0.0313436340 0.0013461580
0.0000000000 0.0113013927 0.0002100384
0.0008255925 0.0056220882 0.0000000000
0.0027463394 0.0187299314 0.0000000000
0.0000000000 0.0318741429 0.0040657186
0.0000000000 0.0140043225 0.0030886693
0.0087503917 0.0000000000 0.0133703488
0.0025011777 0.0101312716 0.0000000000
0.0000000000 0.0335468736 0.0047809577
0.0022926877 0.0226897876 0.0000000000
0.0075516877 0.0000000000 0.0061440531
0.0000000000 0.0292734914 0.0028469940
0.0000000000 0.0388789420 0.0062843826
0.0068929672 0.0228577155 0.0000000000
0.0000000000 0.0188765629 0.0083054088
0.0151529823 0.0245377298 0.0000000000
0.0022171188 0.0314392105 0.0000000000
0.0004180260 0.0042482993 0.0000000000
0.0084081691 0.0000000000 0.0016638779
0.0091065152 0.0236559091 0.0000000000
0.0000000000 0.0422145012 0.0050989230
0.0000000000 0.0189679953 0.0034766210
0.0099400074 0.0064895074 0.0000000000
0.0000000000 0.0259677086 0.0011112842
0.0000235319 0.0305103849 0.0000000000
0.0019485263 0.0137426014 0.0000000000
0.0000000000 0.0053975679 0.0080580085
0.0027342793 0.0314346552 0.0000000000
0.0127828272 0.0342592204 0.0000000000
0.0134904528 0.0179078818 0.0000000000
0.0000000000 0.0073811432 0.0095110528
0.0000000000 0.0104367293 0.0066370763
0.0020201427 0.0360628293 0.0000000000
0.0025825942 0.0108673195 0.0000000000
0.0285571946 0.0176768436 0.0000000000
0.0041191908 0.0248727381 0.0000000000
0.0000000000 0.0327245069 0.0027899434
0.0002503595 0.0108389394 0.0000000000
0.0000000000 0.0052589314 0.0090846969
0.0000000000 0.0202758953 0.0024741259
0.0000000000 0.0292283271 0.0054912479
0.0000000000 0.0164306210 0.0012079603
0.0000000000 0.0166144943 0.0145571449
0.0000000000 0.0210845208 0.0025505720
0.0098285320 0.0437782421 0.0000000000
0.0068063495 0.0261263657 0.0000000000
0.0000000000 0.0098516463 0.0132397011
0.0016908664 0.0116185333 0.0000000000
0.0014412444 0.0399362034 0.0000000000
0.0000000000 0.0172305773 0.0027715719
0.0000000000 0.0015125054 0.0017839135
0.0040219793 0.0182127751 0.0000000000
0.0000000000 0.0409903736 0.0134483815
0.0006794444 0.0098835208 0.0000000000
0.0047951845 0.0039341926 0.0000000000
0.0000000000 0.0361362406 0.0132522195
0.0000000000 0.0410694571 0.0192237059
0.0052030478 0.0173927185 0.0000000000
0.0093773220 0.0000000000 0.0102418081
0.0000000000 0.0275190772 0.0021894057
0.0149018712 0.0282978361 0.0000000000
0.0035171838 0.0132216108 0.0000000000
0.0074191440 0.0000000000 0.0114234713
0.0008523149 0.0048157993 0.0000000000
0.0132972449 0.0473072302 0.0000000000
0.0000000000 0.0200859731 0.0122863895
0.0115752644 0.0000000000 0.0035310077
0.0000000000 0.0191301267 0.0150822966
0.0000000000 0.0355172305 0.0092702461
0.0000000000 0.0204299659 0.0071158809
0.0159899310 0.0107138504 0.0000000000
0.0101176510 0.0252604547 0.0000000000
0.0056358420 0.0322239117 0.0000000000
0.0016681726 0.0157838077 0.0000000000
0.0043399827 0.0004512288 0.0000000000
0.0000000000 0.0228581719 0.0051314878
0.0002218168 0.0218235187 0.0000000000
0.0000000000 0.0025301997 0.0096782543
0.0050721931 0.0121325819 0.0000000000
0.0040764342 0.0176729400 0.0000000000
0.0093136153 0.0319199023 0.0000000000
0.0000000000 0.0223413249 0.0000405459
0.0064699943 0.0046479069 0.0000000000
0.0071613800 0.0267464173 0.0000000000
0.0000000000 0.0320848461 0.0008497413
0.0203730287 0.0172757302 0.0000000000
0.0059495470 0.0000000000 0.0030411965
0.0015961017 0.0166352680 0.0000000000
0.0041865807 0.0294794399 0.0000000000
0.0000000000 0.0267276786 0.0142251428
0.0089417593 0.0000000000 0.0118969057
0.0011797860 0.0175948325 0.0000000000
0.0069778423 0.0312338594 0.0000000000
0.0040617841 0.0242116662 0.0000000000
0.0120132680 0.0000000000 0.0174947544
0.0057448092 0.0086136215 0.0000000000
0.0000000000 0.0297899541 0.0026620306
0.0000000000 0.0252976769 0.0010535364
0.0000000000 0.0115985670 0.0049285626
0.0000000000 0.0199711981 0.0000139941
0.0000000000 0.0288101824 0.0000810819
0.0084424063 0.0201959201 0.0000000000
0.0149608139 0.0000000000 0.0085010617
0.0100840060 0.0173147594 0.0000000000
0.0049765426 0.0334798305 0.0000000000
0.0019550411 0.0198670615 0.0000000000
0.0182318704 0.0131107948 0.0000000000
0.0127313357 0.0172704209 0.0000000000
0.0000000000 0.0392641940 0.0032957304
0.0060341186 0.0129593276 0.0000000000
0.0000000000 0.0034829597 0.0058093323
0.0062020184 0.0242252640 0.0000000000
0.0000000000 0.0385124997 0.0036663695
0.0063021068 0.0161630430 0.0000000000
0.0135897504 0.0136027812 0.0000000000
0.0000000000 0.0230956927 0.0039016037
0.0020007181 0.0267839636 0.0000000000
0.0006338293 0.0274479606 0.0000000000
0.0112628987 0.0119802145 0.0000000000
0.0000000000 0.0271139491 0.0090861239
0.0025497899 0.0360201861 0.0000000000
0.0000000000 0.0202923589 0.0061588253
0.0000000000 0.0028453058 0.0063033066
0.0000000000 0.0317278219 0.0163708039
0.0000000000 0.0415227980 0.0016503998
0.0000000000 0.0201698554 0.0047725370
0.0058435934 0.0000000000 0.0013607293
0.0000000000 0.0190596014 0.0051107983
