0.00000000 0.69044685 0.00000000
0.00000000 0.38349915 0.00000000
0.00075150 0.00000000 0.00075150
0.00000000 0.38349915 0.00000000
0.00000000 0.69044685 0.00000000
0.00000000 0.38349724 0.00000000
0.00075150 0.00000000 0.00075340
0.00000000 0.38349915 0.00000000
0.00000000 0.69044685 0.00000000
0.00000000 0.38349915 0.00000000
0.00075150 0.00000000 0.00075150
0.00000000 0.38349915 0.00000000
0.00000000 0.69044685 0.00000000
0.00000000 0.38349724 0.00000000
0.00075150 0.00000000 0.00075340
0.00000000 0.38349915 0.00000000
0.00000000 0.69044685 0.00000000
0.00000000 0.38349915 0.00000000
0.00075150 0.00000000 0.00075150
0.00000000 0.38349915 0.00000000
0.00000000 0.69044685 0.00000000
0.00000000 0.38349724 0.00000000
0.00075150 0.00000000 0.00075340
0.00000000 0.38349915 0.00000000
0.00000000 0.69044685 0.00000000
0.00000000 0.38349915 0.00000000
0.00075150 0.00000000 0.00075150
0.00000000 0.38349915 0.00000000
0.00000000 0.69044685 0.00000000
0.00000000 0.38349724 0.00000000
0.00075150 0.00000000 0.00075340
0.00000000 0.38349915 0.00000000
0.00000000 0.69044685 0.00000000
0.00000000 0.38349915 0.00000000
0.00075150 0.00000000 0.00075150
0.00000000 0.38349915 0.00000000
0.00000000 0.69044685 0.00000000
0.00000000 0.38349724 0.00000000
0.00075150 0.00000000 0.00075340
0.00000000 0.38349915 0.00000000
0.00000000 0.69044685 0.00000000
0.00000000 0.38349915 0.00000000
0.00075150 0.00000000 0.00075150
0.00000000 0.38349915 0.00000000
0.00000000 0.69044685 0.00000000
0.00000000 0.38349724 0.00000000
0.00075150 0.00000000 0.00075340
0.00000000 0.38349915 0.00000000
0.00000000 0.69044685 0.00000000
0.00000000 0.38349915 0.00000000
0.00075150 0.00000000 0.00075150
0.00000000 0.38349915 0.00000000
0.00000000 0.69044685 0.00000000
0.00000000 0.38349724 0.00000000
0.00075150 0.00000000 0.00075340
0.00000000 0.38349915 0.00000000
0.00000000 0.69044685 0.00000000
0.00000000 0.38349915 0.00000000
0.00075150 0.00000000 0.00075150
0.00000000 0.38349915 0.00000000
0.00000000 0.69044685 0.00000000
0.00000000 0.38349724 0.00000000
0.00075150 0.00000000 0.00075340
0.00000000 0.38349915 0.00000000
0.00000000 0.69044685 0.00000000
0.00000000 0.38349915 0.00000000
0.00075150 0.00000000 0.00075150
0.00000000 0.38349915 0.00000000
0.00000000 0.69044685 0.00000000
0.00000000 0.38349724 0.00000000
0.00075150 0.00000000 0.00075340
0.00000000 0.38349915 0.00000000
0.00000000 0.69044685 0.00000000
0.00000000 0.38349915 0.00000000
0.00075150 0.00000000 0.00075150
0.00000000 0.38349915 0.00000000
0.00000000 0.69044685 0.00000000
0.00000000 0.38349724 0.00000000
0.00075150 0.00000000 0.00075340
0.00000000 0.38349915 0.00000000
0.00000000 0.69044685 0.00000000
0.00000000 0.38349915 0.00000000
0.00075150 0.00000000 0.00075150
0.00000000 0.38349915 0.00000000
0.00000000 0.69044685 0.00000000
0.00000000 0.38349724 0.00000000
0.00075150 0.00000000 0.00075340
0.00000000 0.38349915 0.00000000
0.00000000 0.69044685 0.00000000
0.00000000 0.38349915 0.00000000
0.00075150 0.00000000 0.00075150
0.00000000 0.38349915 0.00000000
0.00000000 0.69044685 0.00000000
0.00000000 0.38349724 0.00000000
0.00075150 0.00000000 0.00075340
0.00000000 0.38349915 0.00000000
0.00000000 0.69044685 0.00000000
0.00000000 0.38349915 0.00000000
0.00075150 0.00000000 0.00075150
0.00000000 0.38349915 0.00000000
0.00000000 0.69044685 0.00000000
0.00000000 0.38349724 0.00000000
0.00075150 0.00000000 0.00075340
0.00000000 0.38349915 0.00000000
0.00000000 0.69044685 0.00000000
0.00000000 0.38349915 0.00000000
0.00075150 0.00000000 0.00075150
0.00000000 0.38349915 0.00000000
0.00000000 0.69044685 0.00000000
0.00000000 0.38349724 0.00000000
0.00075150 0.00000000 0.00075340
0.00000000 0.38349915 0.00000000
0.00000000 0.69044685 0.00000000
0.00000000 0.38349915 0.00000000
0.00075150 0.00000000 0.00075150
0.00000000 0.38349915 0.00000000
0.00000000 0.69044685 0.00000000
0.00000000 0.38349724 0.00000000
0.00075150 0.00000000 0.00075340
0.00000000 0.38349915 0.00000000
0.00000000 0.69044685 0.00000000
0.00000000 0.38349915 0.00000000
0.00075150 0.00000000 0.00075150
0.00000000 0.38349915 0.00000000
0.00000000 0.69044685 0.00000000
0.00000000 0.38349724 0.00000000
0.00075150 0.00000000 0.00075340
0.00000000 0.38349915 0.00000000
