0.016489 0.010676 0.0
0.02784 0.0 0.003528
0.038333 0.0 0.064401
0.023114 0.0 0.006289
0.01727 0.012987 0.0
0.022046 0.0 0.006887
0.042558 0.0 0.072395
0.027497999999999998 0.00174 0.0
0.015258 0.011406 0.0
0.031935 0.0 0.008205
0.042494 0.0 0.066619
0.033916 0.0 0.008292
0.014979 0.012844999999999999 0.0
0.028578 0.0 0.008294
0.041203 0.0 0.049233
0.02846 0.0 0.005286
0.016367 0.012729 0.0
0.029295 0.0 0.006198
0.045653 0.0 0.058802
0.028255 0.0 0.006613
0.015801 0.012691000000000001 0.0
0.029889 0.0 0.004356
0.040063 0.0 0.064845
0.028169 0.0 0.007345
0.016014 0.01279 0.0
0.029808 0.0 0.006151
0.044431 0.0 0.05996
0.029703 0.0 0.005132
0.015542 0.012499 0.0
0.02961 0.0 0.00653
0.049194 0.0 0.063491
0.028751 0.0 0.006722
0.015397999999999998 0.012189 0.0
0.029903 0.0 0.006673
0.044409 0.0 0.059539
0.028785 0.0 0.005137
0.015483 0.012298 0.0
0.028892 0.0 0.006119
0.045447 0.0 0.061218
0.028968 0.0 0.008139
0.015234999999999999 0.012282000000000001 0.0
0.029428 0.0 0.005324
0.046304 0.0 0.061256
0.029084 0.0 0.007262
0.015615 0.012339 0.0
0.029325 0.0 0.00653
0.043266 0.0 0.063696
0.029881 0.0 0.00769
0.016026 0.012674999999999999 0.0
0.029485 0.0 0.00712
0.045605 0.0 0.061803
0.036505 0.0 0.01506
0.015779 0.01265 0.0
0.036092 0.0 0.010472
0.046196 0.0 0.067466
0.032977 0.0 0.008836
0.015300999999999999 0.01188 0.0
0.029594 0.0 0.003495
0.045309 0.0 0.060523
0.030334 0.0 0.014907
0.015806 0.011948 0.0
0.031199 0.0 0.003937
0.040315 0.0 0.069802
0.030238 0.0 0.007737
0.014031 0.010266 0.0
0.032368 0.0 0.009402
0.047868 0.0 0.069073
0.03106 0.0 0.006826
0.014603999999999999 0.012065 0.0
0.031981 0.0 0.007149
0.047333 0.0 0.069541
0.030416 0.0 0.006114
0.014835000000000001 0.01086 0.0
0.030682 0.0 0.006538
0.041499 0.0 0.069885
0.030867 0.0 0.007347
0.015286000000000001 0.011585999999999999 0.0
0.030135 0.0 0.007362
0.047305 0.0 0.070375
0.031222 0.0 0.007937
0.014151 0.01126 0.0
0.030752 0.0 0.009785
0.048223 0.0 0.071968
0.031186 0.0 0.005923
0.014454999999999999 0.010635 0.0
0.031301 0.0 0.007187
0.046002 0.0 0.069533
0.030471 0.0 0.008039
0.016195 0.010707 0.0
0.031012 0.0 0.011288
0.046055 0.0 0.068422
0.031461 0.0 0.005883
0.014451 0.009693 0.0
0.031115 0.0 0.00937
0.046125 0.0 0.069782
0.030818 0.0 0.008591
0.014848 0.009278999999999999 0.0
0.030824 0.0 0.010459
0.04069 0.0 0.070643
0.031323 0.0 0.008898
0.014530999999999999 0.009236 0.0
0.03062 0.0 0.010409
0.045913 0.0 0.067755
0.031195 0.0 0.008544
0.013382 0.008422 0.0
0.03164 0.0 0.011622
0.042752 0.0 0.071335
0.031788 0.0 0.010762
0.013278 0.010662 0.0
0.031636 0.0 0.010945
0.043153 0.0 0.069949
0.031377 0.0 0.006206
0.013857999999999999 0.009658 0.0
0.031265 0.0 0.008318
0.040139 0.0 0.068131
0.032356 0.0 0.00815
0.012583 0.009143 0.0
0.030955 0.0 0.004598
0.042378 0.0 0.070577
0.030601 0.0 0.006573
0.012895 0.009027 0.0
0.031673 0.0 0.011913
0.044796 0.0 0.07371
0.030899 0.0 0.002357
0.013438 0.009555000000000001 0.0
0.031224 0.0 0.009156
0.042693 0.0 0.070015
0.03077 0.0 0.005443
