0.010197000000000001 0.007059 0.0
0.010989 0.040043 0.0
0.009041 0.064371 0.0
0.010162000000000001 0.037244 0.0
0.010505 0.011501 0.0
0.011046 0.039928000000000005 0.0
0.008683 0.061206 0.0
0.006125 0.035203 0.0
0.010622 0.009551 0.0
0.009729999999999999 0.040734 0.0
0.011575 0.062803 0.0
0.005817 0.034626000000000004 0.0
0.010502000000000001 0.010692 0.0
0.011602000000000001 0.038121 0.0
0.01405 0.06333899999999999 0.0
0.011602000000000001 0.038121 0.0
0.008615 0.010393 0.0
0.009885999999999999 0.038816 0.0
0.009748 0.061901000000000005 0.0
0.006753 0.035865 0.0
0.010815 0.011106 0.0
0.00896 0.038385 0.0
0.012101 0.062103000000000005 0.0
0.007409 0.036264 0.0
0.008048 0.009572 0.0
0.011602000000000001 0.038121 0.0
0.012003 0.062028 0.0
0.011602000000000001 0.038121 0.0
0.008402 0.009291 0.0
0.00983 0.038610000000000005 0.0
0.012746 0.061930000000000006 0.0
0.00652 0.035414 0.0
0.008739 0.009221 0.0
0.01018 0.039062 0.0
0.011764 0.062001 0.0
0.006803 0.036143 0.0
0.007807 0.009979 0.0
0.009781999999999999 0.039459 0.0
0.011321999999999999 0.062852 0.0
0.0061779999999999995 0.035067 0.0
0.008616 0.01157 0.0
0.011689999999999999 0.038834 0.0
0.012241 0.062727 0.0
0.00641 0.035444 0.0
0.008827999999999999 0.009658 0.0
0.009883 0.039611 0.0
0.012157000000000001 0.062511 0.0
0.006648 0.036828 0.0
0.0079 0.009769 0.0
0.009171 0.038932 0.0
0.012022 0.062417 0.0
0.007251 0.03586 0.0
0.008133 0.008275 0.0
0.009095 0.038763000000000006 0.0
0.012652 0.063412 0.0
0.0057269999999999995 0.034281 0.0
0.009031 0.009307 0.0
0.011602000000000001 0.038121 0.0
0.012841 0.063409 0.0
0.010683 0.040051 0.0
0.008373 0.007785 0.0
0.010440999999999999 0.039871000000000004 0.0
0.012213 0.062567 0.0
0.006148 0.03543 0.0
0.008543 0.009597999999999999 0.0
0.00946 0.038588000000000004 0.0
0.013039 0.063532 0.0
0.009269 0.038375 0.0
0.008928 0.009954000000000001 0.0
0.007278 0.037472 0.0
0.0121 0.0616 0.0
0.006376 0.035500000000000004 0.0
0.008156 0.00951 0.0
0.008183 0.03869 0.0
0.012255 0.062450000000000006 0.0
0.005828 0.034953 0.0
0.009651 0.007042 0.0
0.009077 0.038868 0.0
0.012736 0.062995 0.0
0.0049110000000000004 0.034303 0.0
0.00847 0.009562 0.0
0.010497 0.040142000000000004 0.0
0.011755999999999999 0.0621 0.0
0.005827 0.035122 0.0
0.008837 0.009871 0.0
0.010352 0.03993 0.0
0.01173 0.06182 0.0
0.006589 0.036316 0.0
0.008246999999999999 0.006963 0.0
0.010578 0.039907000000000005 0.0
0.012138 0.063291 0.0
0.009108 0.038274 0.0
0.008631 0.010197 0.0
0.011762 0.038517 0.0
0.010617999999999999 0.061139000000000006 0.0
0.0060999999999999995 0.036141 0.0
0.008163 0.010345 0.0
0.009341 0.038604 0.0
0.013336 0.062795 0.0
0.006456 0.034604 0.0
0.010703 0.00848 0.0
0.009955 0.039064 0.0
0.011525 0.061831000000000004 0.0
0.009458 0.038472 0.0
0.009333000000000001 0.007464 0.0
0.011602000000000001 0.038121 0.0
0.01256 0.063041 0.0
0.005102 0.035062 0.0
0.008785 0.007476 0.0
0.009566999999999999 0.038436 0.0
0.011483 0.062169 0.0
0.013162 0.062379000000000004 0.0
0.008682 0.008093 0.0
0.011602000000000001 0.038121 0.0
0.011592 0.062555 0.0
0.008602 0.038985000000000006 0.0
0.008698000000000001 0.007241 0.0
0.011602000000000001 0.038121 0.0
0.012529 0.061752 0.0
0.009375 0.038718 0.0
0.009133 0.007376 0.0
0.010421 0.040198000000000005 0.0
0.012480999999999999 0.06285299999999999 0.0
0.009125 0.038929000000000005 0.0
0.010505 0.011501 0.0
0.011046 0.039928000000000005 0.0
0.008683 0.061206 0.0
0.006125 0.035203 0.0
