0.010197000000000001 0.007059 0.0
0.010989 0.040043 0.0
0.009041 0.064371 0.0
0.010162000000000001 0.037244 0.0
0.010505 0.011501 0.0
0.011046 0.039928000000000005 0.0
0.008683 0.061206 0.0
0.006125 0.035203 0.0
0.010622 0.009551 0.0
0.009729999999999999 0.040734 0.0
0.011575 0.062803 0.0
0.005817 0.034626000000000004 0.0
0.010502000000000001 0.010692 0.0
0.011602000000000001 0.038121 0.0
0.01405 0.06333899999999999 0.0
0.011602000000000001 0.038121 0.0
0.008615 0.010393 0.0
0.009885999999999999 0.038816 0.0
0.009748 0.061901000000000005 0.0
0.006753 0.035865 0.0
0.010815 0.011106 0.0
0.00896 0.038385 0.0
0.012101 0.062103000000000005 0.0
0.007409 0.036264 0.0
0.008048 0.009572 0.0
0.011602000000000001 0.038121 0.0
0.012003 0.062028 0.0
0.011602000000000001 0.038121 0.0
0.008402 0.009291 0.0
0.00983 0.038610000000000005 0.0
0.012746 0.061930000000000006 0.0
0.00652 0.035414 0.0
0.008739 0.009221 0.0
0.01018 0.039062 0.0
0.011764 0.062001 0.0
0.006803 0.036143 0.0
0.007807 0.009979 0.0
0.009781999999999999 0.039459 0.0
0.011321999999999999 0.062852 0.0
0.0061779999999999995 0.035067 0.0
0.008616 0.01157 0.0
0.011689999999999999 0.038834 0.0
0.012241 0.062727 0.0
0.00641 0.035444 0.0
0.008827999999999999 0.009658 0.0
0.009883 0.039611 0.0
0.012157000000000001 0.062511 0.0
0.006648 0.036828 0.0
0.0079 0.009769 0.0
0.009171 0.038932 0.0
0.012022 0.062417 0.0
0.007251 0.03586 0.0
0.008133 0.008275 0.0
0.009095 0.038763000000000006 0.0
0.012652 0.063412 0.0
0.0057269999999999995 0.034281 0.0
0.009031 0.009307 0.0
0.011602000000000001 0.038121 0.0
0.012841 0.063409 0.0
0.010683 0.040051 0.0
0.008373 0.007785 0.0
0.010440999999999999 0.039871000000000004 0.0
0.012213 0.062567 0.0
0.006148 0.03543 0.0
0.008543 0.009597999999999999 0.0
0.00946 0.038588000000000004 0.0
0.013039 0.063532 0.0
0.009269 0.038375 0.0
0.008928 0.009954000000000001 0.0
0.007278 0.037472 0.0
0.0121 0.0616 0.0
0.006376 0.035500000000000004 0.0
0.008156 0.00951 0.0
0.008183 0.03869 0.0
0.012255 0.062450000000000006 0.0
0.005828 0.034953 0.0
0.009651 0.007042 0.0
0.009077 0.038868 0.0
0.012736 0.062995 0.0
0.0049110000000000004 0.034303 0.0
0.00847 0.009562 0.0
0.010497 0.040142000000000004 0.0
0.011755999999999999 0.0621 0.0
0.005827 0.035122 0.0
0.008837 0.009871 0.0
0.010352 0.03993 0.0
0.01173 0.06182 0.0
0.006589 0.036316 0.0
0.008246999999999999 0.006963 0.0
0.010578 0.039907000000000005 0.0
0.012138 0.063291 0.0
0.009108 0.038274 0.0
0.008631 0.010197 0.0
0.011762 0.038517 0.0
0.010617999999999999 0.061139000000000006 0.0
0.0060999999999999995 0.036141 0.0
0.008163 0.010345 0.0
0.009341 0.038604 0.0
0.013336 0.062795 0.0
0.006456 0.034604 0.0
0.010703 0.00848 0.0
0.009955 0.039064 0.0
0.011525 0.061831000000000004 0.0
0.009458 0.038472 0.0
0.009333000000000001 0.007464 0.0
0.011602000000000001 0.038121 0.0
0.01256 0.063041 0.0
0.005102 0.035062 0.0
0.008785 0.007476 0.0
0.009566999999999999 0.038436 0.0
0.011483 0.062169 0.0
0.013162 0.062379000000000004 0.0
0.008682 0.008093 0.0
0.011602000000000001 0.038121 0.0
0.011592 0.062555 0.0
0.008602 0.038985000000000006 0.0
0.008698000000000001 0.007241 0.0
0.011602000000000001 0.038121 0.0
0.012529 0.061752 0.0
0.009375 0.038718 0.0
0.009133 0.007376 0.0
0.010421 0.040198000000000005 0.0
0.012480999999999999 0.06285299999999999 0.0
0.009125 0.038929000000000005 0.0
0.010505 0.011501 0.0
0.011046 0.039928000000000005 0.0
0.008683 0.061206 0.0
0.006125 0.035203 0.0
0.014570070000000001 0.010230020000000003 0.0
0.013100069999999998 0.005130020000000001 0.0
0.006673070000000001 0.002849020000000001 0.0
0.00801705 0.0 0.004236979999999999
0.00937205 0.0 0.000157979999999998
0.006276069999999999 6.4019999999998e-05 0.0
0.009723049999999999 0.0 0.003211979999999998
0.00798405 0.0 0.001624979999999998
0.006532049999999999 0.0 0.002139979999999999
0.00842807 0.001771020000000002 0.0
0.009135049999999999 0.0 0.001254980000000001
0.00860005 0.0 0.002402979999999999
0.009998050000000001 0.0 0.00463398
0.00972405 0.0 0.00734498
0.01149407 0.005851019999999999 0.0
0.01051605 0.0 0.000195980000000003
0.01036307 0.00659902 0.0
0.00755305 0.0 0.00175998
0.009732069999999999 0.002283020000000001 0.0
0.01013707 0.00214402 0.0
0.01326605 0.0 0.002631979999999997
0.01417505 0.0 0.005122979999999998
0.01342405 0.0 0.005973979999999999
0.01192905 0.0 0.001131980000000001
0.013673069999999999 0.001296019999999999 0.0
0.007845050000000001 0.0 0.00088498
0.012750049999999999 0.0 0.002474979999999998
0.012672049999999999 0.0 0.006164979999999999
0.01196705 0.0 0.00467798
0.014796049999999996 0.0 0.007749979999999998
0.012831049999999997 0.0 0.00842298
0.018483049999999994 0.0 0.007354979999999997
0.01710505 0.0 0.007529979999999999
0.010267050000000002 0.0 0.00765998
0.011218049999999999 0.0 0.004958979999999998
0.013941049999999997 0.0 0.007083979999999999
0.015122049999999998 0.0 0.00564198
0.014656049999999999 0.0 0.00491698
0.01579105 0.0 0.00678198
0.012335049999999998 0.0 0.00443598
0.002868049999999999 0.0 0.01536998
0.002654049999999999 0.0 0.01754098
0.00649505 0.0 0.02192898
0.01202605 0.0 0.008151980000000003
0.01875605 0.0 0.003594979999999999
0.02054305 0.0 0.00278098
0.019448049999999995 0.0 0.00127298
0.023383069999999995 0.003049020000000002 0.0
0.026335070000000002 0.004950020000000002 0.0
0.017423069999999995 0.002325019999999999 0.0
0.024488070000000004 0.005325020000000002 0.0
0.014186049999999999 0.0 0.001842979999999999
0.011440049999999998 0.0 0.01124198
0.006847049999999999 0.0 0.016843979999999995
0.0 0.00143695 0.02230693
0.002656049999999999 0.0 0.01937798
0.01017005 0.0 0.01966098
0.01173605 0.0 0.015989979999999997
0.00840005 0.0 0.01508298
0.006056049999999999 0.0 0.010384979999999999
0.009640049999999999 0.0 0.003964979999999999
0.00800805 0.0 0.011889979999999998
0.012035049999999999 0.0 0.013400980000000002
0.010856049999999999 0.0 0.006330979999999999
