0.0000000000 0.0026404215 0.0138062437
0.0075975492 0.0000000000 0.0075100168
0.0042380153 0.0099850039 0.0000000000
0.0051629928 0.0059444425 0.0000000000
0.0000000000 0.0059487268 0.0030780861
0.0038586317 0.0000000000 0.0043032070
0.0000000000 0.0020919852 0.0089365891
0.0000000000 0.0103198482 0.0025386399
0.0104980000 0.0127838264 0.0000000000
0.0000000000 0.0015490834 0.0012361695
0.0085251846 0.0077377018 0.0000000000
0.0044998043 0.0000000000 0.0083655169
0.0000000000 0.0127728935 0.0054900316
0.0063577109 0.0166762145 0.0000000000
0.0015420303 0.0053343282 0.0000000000
0.0000000000 0.0115929344 0.0059317316
0.0000000000 0.0061844335 0.0049853146
0.0043261722 0.0000000000 0.0125473308
0.0000000000 0.0017624709 0.0017416621
0.0095457182 0.0096521131 0.0000000000
0.0000000000 0.0100447608 0.0089856335
0.0000000000 0.0082875782 0.0083959831
0.0056679843 0.0000000000 0.0097682213
0.0000000000 0.0040078023 0.0035374514
0.0000000000 0.0017868607 0.0021478034
0.0000000000 0.0023520578 0.0005463813
0.0032711733 0.0084691249 0.0000000000
0.0044526038 0.0000000000 0.0040136720
0.0231689688 0.0000000000 0.0060489092
0.0014864052 0.0000000000 0.0026559200
0.0000000000 0.0025873752 0.0063583139
0.0016929633 0.0027349899 0.0000000000
0.0000000000 0.0002501411 0.0012110017
0.0071754686 0.0087968171 0.0000000000
0.0058270114 0.0040472714 0.0000000000
0.0042633143 0.0106048289 0.0000000000
0.0035203666 0.0106690332 0.0000000000
0.0073064964 0.0124514391 0.0000000000
0.0053838023 0.0000000000 0.0057457471
0.0000000000 0.0076773428 0.0029394725
0.0042595031 0.0029009353 0.0000000000
0.0005871193 0.0000000000 0.0063392091
0.0197959022 0.0000000000 0.0201010763
0.0000000000 0.0189987359 0.0001597261
0.0011951303 0.0011186806 0.0000000000
0.0000000000 0.0034830976 0.0078022926
0.0006207053 0.0000000000 0.0030428941
0.0078386378 0.0000000000 0.0006355022
0.0015033930 0.0000000000 0.0011198922
0.0073745638 0.0032893901 0.0000000000
0.0086058798 0.0040574568 0.0000000000
0.0009092361 0.0000000000 0.0062655099
0.0022531479 0.0000000000 0.0059816834
0.0000000000 0.0044463967 0.0056228639
0.0113596142 0.0000000000 0.0043804415
0.0000000000 0.0131484923 0.0078946242
0.0077796085 0.0019851518 0.0000000000
0.0000000000 0.0014844573 0.0058776493
0.0115705974 0.0000000000 0.0068344084
0.0071725000 0.0007292099 0.0000000000
0.0114709479 0.0127329190 0.0000000000
0.0055288293 0.0032100811 0.0000000000
0.0045278221 0.0000000000 0.0064233546
0.0000000000 0.0031577497 0.0019206729
0.0076494329 0.0038537238 0.0000000000
0.0000000000 0.0056290201 0.0032063721
0.0000000000 0.0059605294 0.0059187914
0.0032775803 0.0000000000 0.0026129566
0.0018718296 0.0000000000 0.0090661627
0.0060449494 0.0000000000 0.0077505508
0.0133106603 0.0056028849 0.0000000000
0.0141090511 0.0000000000 0.0007106493
0.0000000000 0.0037557976 0.0076812419
0.0000000000 0.0041498120 0.0021231489
0.0000000000 0.0004189364 0.0053173495
0.0030628046 0.0038837706 0.0000000000
0.0019393017 0.0000000000 0.0003732721
0.0001137550 0.0000000000 0.0049586718
0.0000000000 0.0033406486 0.0117599544
0.0079586044 0.0030818467 0.0000000000
0.0000000000 0.0089122801 0.0055932813
0.0000000000 0.0000519119 0.0008519177
0.0086798977 0.0000000000 0.0029619192
0.0019477113 0.0000000000 0.0083738936
0.0000000000 0.0029329025 0.0074140677
0.0074646226 0.0005001962 0.0000000000
0.0021283087 0.0078417828 0.0000000000
0.0071641198 0.0000000000 0.0012765379
0.0015329267 0.0000000000 0.0013263108
0.0024598567 0.0087923504 0.0000000000
0.0058908575 0.0033701107 0.0000000000
0.0000000000 0.0010824721 0.0025640379
0.0027691533 0.0000000000 0.0119707850
0.0156507004 0.0000000000 0.0063287253
0.0059233536 0.0000000000 0.0101410591
0.0000000000 0.0055606939 0.0093820678
0.0073199229 0.0000000000 0.0153523348
0.0000000000 0.0056453793 0.0024704662
0.0019262848 0.0000000000 0.0022742016
0.0000000000 0.0025331180 0.0004719872
0.0027288531 0.0003056005 0.0000000000
0.0040411192 0.0000000000 0.0019340806
0.0000000000 0.0013274363 0.0113813405
0.0000000000 0.0084384898 0.0092248181
0.0000000000 0.0016393684 0.0013590036
0.0004989045 0.0024707499 0.0000000000
0.0000000000 0.0105972482 0.0083561559
0.0053774673 0.0000000000 0.0110428715
0.0078527122 0.0000000000 0.0019427946
0.0008716664 0.0000000000 0.0084670283
0.0000000000 0.0167821239 0.0123004067
0.0011710684 0.0003652601 0.0000000000
0.0020038365 0.0021338846 0.0000000000
0.0075181370 0.0172396208 0.0000000000
0.0003827048 0.0032107545 0.0000000000
0.0115015123 0.0052602999 0.0000000000
0.0022205726 0.0000000000 0.0075942834
0.0000000000 0.0045335773 0.0021800913
0.0003380099 0.0000000000 0.0107652813
0.0105763712 0.0058370915 0.0000000000
0.0162651895 0.0112515238 0.0000000000
0.0000000000 0.0027849524 0.0055952691
0.0142496798 0.0064749961 0.0000000000
0.0023389293 0.0000000000 0.0045778620
0.0106022404 0.0010121658 0.0000000000
0.0000000000 0.0001463758 0.0072498195
0.0100522308 0.0000000000 0.0040439172
0.0120078945 0.0020066728 0.0000000000
