0.0000000000 0.6142096041 0.0009894116
0.0000000000 0.3495530055 0.0139005010
0.0000000000 0.0044470935 0.0040076679
0.0030295595 0.3373216966 0.0000000000
0.0003571339 0.6290477220 0.0000000000
0.0025502323 0.3451102002 0.0000000000
0.0072188459 0.0075371364 0.0000000000
0.0029822184 0.3397890609 0.0000000000
0.0016729010 0.6173081292 0.0000000000
0.0036144930 0.3450212029 0.0000000000
0.0000000000 0.0020489161 0.0013078213
0.0029960940 0.3404935357 0.0000000000
0.0000000000 0.6206510591 0.0001780186
0.0000000000 0.3419534333 0.0103554761
0.0000000000 0.0013873189 0.0074892568
0.0104811532 0.3320622646 0.0000000000
0.0018247705 0.6274374809 0.0000000000
0.0092060592 0.3368533616 0.0000000000
0.0072946744 0.0000000000 0.0020201323
0.0000000000 0.3357248734 0.0029677612
0.0111337182 0.6169208664 0.0000000000
0.0124503400 0.3401369916 0.0000000000
0.0000000000 0.0008700369 0.0117600430
0.0002556250 0.3309698865 0.0000000000
0.0066424221 0.6095390720 0.0000000000
0.0000000000 0.3344390426 0.0059957489
0.0000000000 0.0098953935 0.0068162390
0.0000000000 0.3336504704 0.0015978801
0.0066810948 0.6293742777 0.0000000000
0.0003622988 0.3354051490 0.0000000000
0.0000000000 0.0079138435 0.0038490757
0.0000000000 0.3499113696 0.0069638061
0.0000000000 0.6229905304 0.0057538457
0.0022846141 0.3351105750 0.0000000000
0.0062718002 0.0153224500 0.0000000000
0.0052235915 0.3300151687 0.0000000000
0.0036189591 0.6300167755 0.0000000000
0.0068812173 0.3452679230 0.0000000000
0.0048188275 0.0000000000 0.0023722245
0.0008928033 0.3366635619 0.0000000000
0.0074373721 0.6178219423 0.0000000000
0.0000000000 0.3526874564 0.0054081007
0.0111872444 0.0044584504 0.0000000000
0.0079098282 0.3536402768 0.0000000000
0.0039309394 0.6211637296 0.0000000000
0.0000000000 0.3397733348 0.0065659983
0.0087726700 0.0000000000 0.0034949624
0.0000000000 0.3419015628 0.0143236770
0.0003921566 0.6189888651 0.0000000000
0.0000000000 0.3395237879 0.0066978561
0.0099579283 0.0000000000 0.0097479337
0.0129676812 0.3436145961 0.0000000000
0.0023019333 0.6168290927 0.0000000000
0.0099866287 0.3488424942 0.0000000000
0.0000000000 0.0063403370 0.0023842178
0.0000000000 0.3392870132 0.0032512348
0.0000511107 0.6136919956 0.0000000000
0.0000000000 0.3435747274 0.0017226966
0.0065549874 0.0090375914 0.0000000000
0.0090309648 0.3308861905 0.0000000000
0.0000000000 0.6158463286 0.0007164947
0.0001731290 0.3342911218 0.0000000000
0.0013068259 0.0072167683 0.0000000000
0.0000000000 0.3361652264 0.0023716261
0.0000000000 0.6159872640 0.0023444913
0.0083242390 0.3379939984 0.0000000000
0.0000000000 0.0078697060 0.0104617658
0.0021269633 0.3351660357 0.0000000000
0.0000000000 0.6208225901 0.0044414760
0.0000000000 0.3391134508 0.0032116110
0.0032906359 0.0000000000 0.0020553869
0.0000000000 0.3429585194 0.0131228576
0.0000000000 0.6188718813 0.0043175721
0.0000000000 0.3401252745 0.0131407678
0.0000000000 0.0127476539 0.0085348586
0.0003746419 0.3300111320 0.0000000000
0.0000000000 0.6163334910 0.0038733295
0.0093648357 0.3429227634 0.0000000000
0.0063365439 0.0064311750 0.0000000000
0.0000000000 0.3473037276 0.0111286216
0.0000000000 0.6181730842 0.0054122546
0.0034479607 0.3332095521 0.0000000000
0.0000000000 0.0035826837 0.0150993279
0.0000000000 0.3396507164 0.0066217476
0.0000000000 0.6200578312 0.0058749464
0.0036883728 0.3275703308 0.0000000000
0.0039264384 0.0000000000 0.0084183356
0.0000000000 0.3460192315 0.0088024886
0.0073198385 0.6293660855 0.0000000000
0.0073718932 0.3418612009 0.0000000000
0.0040561747 0.0074032820 0.0000000000
0.0008754957 0.3388486731 0.0000000000
0.0000000000 0.6193356839 0.0006096148
0.0097121226 0.3480604644 0.0000000000
0.0000000000 0.0022618306 0.0055451096
0.0000000000 0.3376614396 0.0060327201
0.0000000000 0.6289189953 0.0094256259
0.0000000000 0.3331820662 0.0014252642
0.0144003315 0.0000000000 0.0117796323
0.0036259823 0.3413385154 0.0000000000
0.0000000000 0.6252442196 0.0008925552
0.0000000000 0.3367637955 0.0011281632
0.0102906862 0.0134003206 0.0000000000
0.0000000000 0.3352461153 0.0053299663
0.0000000000 0.6213255866 0.0042748008
0.0008500474 0.3356432415 0.0000000000
0.0008541439 0.0060542083 0.0000000000
0.0000000000 0.3354789114 0.0016308955
0.0000000000 0.6189301234 0.0033515586
0.0000000000 0.3349198540 0.0023279445
0.0000000000 0.0009910427 0.0002452933
0.0000000000 0.3542585023 0.0211936357
0.0009146235 0.6306092825 0.0000000000
0.0000000000 0.3505921795 0.0133342075
0.0023793638 0.0030871060 0.0000000000
0.0021764621 0.3436869372 0.0000000000
0.0000000000 0.6213991445 0.0083812337
0.0000000000 0.3300596631 0.0033115332
0.0000000000 0.0078080213 0.0060600363
0.0016761176 0.3241520855 0.0000000000
0.0000000000 0.6258689033 0.0063212643
0.0131768228 0.3509712515 0.0000000000
0.0094673969 0.0076754684 0.0000000000
0.0057970065 0.3469163330 0.0000000000
0.0000000000 0.6239591751 0.0027077916
0.0000000000 0.3417330762 0.0045617568
0.0049160701 0.0095190695 0.0000000000
0.0000000000 0.3360431982 0.0001824456
