0.0000000000 0.3203844301 0.0030023210
0.0000000000 0.1724982748 0.0015558678
0.0012590380 0.0124190461 0.0000000000
0.0130107754 0.1849450823 0.0000000000
0.0000000000 0.3345309525 0.0149779961
0.0000000000 0.1693224803 0.0063607196
0.0139067753 0.0000000000 0.0087492628
0.0000000000 0.1735985727 0.0067805672
0.0028782436 0.3283463001 0.0000000000
0.0053240028 0.1820943569 0.0000000000
0.0000000000 0.0085711326 0.0015861407
0.0000000000 0.1740799875 0.0010923593
0.0000000000 0.3280496488 0.0054463661
0.0000000000 0.1869252848 0.0123591561
0.0138372880 0.0129644399 0.0000000000
0.0019919706 0.1732113404 0.0000000000
0.0000000000 0.3294332361 0.0020420269
0.0000000000 0.1723431599 0.0041336671
0.0009717695 0.0024951155 0.0000000000
0.0000000000 0.1808713555 0.0052689511
0.0023750808 0.3228441914 0.0000000000
0.0134905650 0.1886310723 0.0000000000
0.0101805448 0.0000000000 0.0087499622
0.0082390524 0.1839002985 0.0000000000
0.0000000000 0.3206391223 0.0110128662
0.0000000000 0.1907854149 0.0116184410
0.0000000000 0.0047365373 0.0034222653
0.0164600511 0.1894805215 0.0000000000
0.0000000000 0.3307455333 0.0092614901
0.0003159972 0.1650562985 0.0000000000
0.0000000000 0.0019680528 0.0007857939
0.0000000000 0.1709923208 0.0048448434
0.0000000000 0.3336720644 0.0008872836
0.0043156370 0.1600667911 0.0000000000
0.0000000000 0.0019500565 0.0079002616
0.0000000000 0.1749197522 0.0074318964
0.0000000000 0.3337766090 0.0026726754
0.0000000000 0.1776143351 0.0077779622
0.0069792902 0.0000000000 0.0035181697
0.0005108213 0.1753486585 0.0000000000
0.0000000000 0.3361912420 0.0132499948
0.0074276320 0.1783478133 0.0000000000
0.0076511674 0.0000000000 0.0108387276
0.0000000000 0.1815927926 0.0037397225
0.0000000000 0.3258713049 0.0107114063
0.0112567607 0.1787273619 0.0000000000
0.0016039286 0.0000000000 0.0088631629
0.0018573233 0.1719172828 0.0000000000
0.0000000000 0.3258504549 0.0050999247
0.0000000000 0.1753555532 0.0053283180
0.0000000000 0.0031026614 0.0084077626
0.0055076455 0.1835733936 0.0000000000
0.0009233703 0.3271064962 0.0000000000
0.0040140762 0.1673489292 0.0000000000
0.0000000000 0.0016907564 0.0031370047
0.0000000000 0.1757229519 0.0014297344
0.0066956281 0.3254651826 0.0000000000
0.0000000000 0.1695763784 0.0011833296
0.0000000000 0.0000729488 0.0014686831
0.0081687086 0.1806284858 0.0000000000
0.0000000000 0.3082453029 0.0031745886
0.0194700107 0.1848993524 0.0000000000
0.0000000000 0.0015068841 0.0087969562
0.0130246917 0.1771210699 0.0000000000
0.0000000000 0.3366352794 0.0058987161
0.0000000000 0.1841929668 0.0059585572
0.0000000000 0.0094408996 0.0149453054
0.0022544182 0.1851166081 0.0000000000
0.0000000000 0.3146495174 0.0003685617
0.0000000000 0.1831012396 0.0024214797
0.0017234352 0.0000000000 0.0075398284
0.0169005024 0.1870284959 0.0000000000
0.0084727732 0.3331398411 0.0000000000
0.0000000000 0.1687982434 0.0138812513
0.0037893831 0.0157784182 0.0000000000
0.0000000000 0.1693515601 0.0033206871
0.0028389490 0.3260680755 0.0000000000
0.0058810801 0.1819697086 0.0000000000
0.0056773170 0.0000000000 0.0083967746
0.0072799874 0.1669313347 0.0000000000
0.0000000000 0.3287004455 0.0080092413
0.0006384860 0.1769695611 0.0000000000
0.0045529796 0.0117213122 0.0000000000
0.0079075756 0.1716849347 0.0000000000
0.0076922051 0.3265027363 0.0000000000
0.0052273362 0.1839995204 0.0000000000
0.0000000000 0.0020409519 0.0071607418
0.0038942551 0.1843411878 0.0000000000
0.0026098841 0.3276585477 0.0000000000
0.0000000000 0.1737548939 0.0001414244
0.0197188307 0.0000000000 0.0111301646
0.0015344024 0.1751740456 0.0000000000
0.0043104709 0.3174934750 0.0000000000
0.0030919500 0.1750070248 0.0000000000
0.0000000000 0.0077046802 0.0107586574
0.0000000000 0.1825031733 0.0075683570
0.0097735191 0.3255952173 0.0000000000
0.0000000000 0.1682560447 0.0007763068
0.0099442058 0.0000000000 0.0056776406
0.0072270119 0.1714624718 0.0000000000
0.0037567692 0.3216166555 0.0000000000
0.0000000000 0.1686699190 0.0106322006
0.0000000000 0.0071606008 0.0045174890
0.0000000000 0.1714246679 0.0000264724
0.0000000000 0.3247426989 0.0005123471
0.0038958761 0.1900261607 0.0000000000
0.0012767586 0.0000000000 0.0073691109
0.0099861693 0.1838860547 0.0000000000
0.0006041278 0.3191832153 0.0000000000
0.0000000000 0.1670329345 0.0043382649
0.0000000000 0.0019056383 0.0047510065
0.0000000000 0.1793588075 0.0011823605
0.0000000000 0.3145248247 0.0016988692
0.0026666869 0.1770945220 0.0000000000
0.0087834467 0.0054431403 0.0000000000
0.0000000000 0.1706257736 0.0044120020
0.0002878255 0.3197083842 0.0000000000
0.0000000000 0.1746534658 0.0045358823
0.0013852662 0.0000000000 0.0059855842
0.0000000000 0.1768318239 0.0086586444
0.0000000000 0.3322797514 0.0069080304
0.0182154289 0.1785062952 0.0000000000
0.0115329644 0.0135223998 0.0000000000
0.0057467515 0.1837393957 0.0000000000
0.0041706072 0.3280665264 0.0000000000
0.0022256013 0.1679831907 0.0000000000
0.0026007761 0.0020389461 0.0000000000
0.0000000000 0.1766774068 0.0097282662
