0.6925822815 0.0000000000 0.6925328771
0.3356876923 0.0000000000 0.3248012466
0.0058713610 0.0000000000 0.0078534049
0.3454512264 0.0000000000 0.3445047406
0.6944618583 0.0000000000 0.6971882940
0.3430067811 0.0000000000 0.3351160279
0.0026770135 0.0000000000 0.0075750308
0.3460200876 0.0000000000 0.3455030462
0.6900938634 0.0000000000 0.6833772760
0.3322093633 0.0000000000 0.3338911029
0.0000000000 0.0004348891 0.0086532027
0.3432332442 0.0000000000 0.3457332154
0.6889661569 0.0000000000 0.6878922410
0.3435800211 0.0000000000 0.3469959050
0.0112904061 0.0000000000 0.0093511514
0.3288055249 0.0000000000 0.3242096848
0.6875395342 0.0000000000 0.6856583079
0.3416112990 0.0000000000 0.3292842254
0.0016386507 0.0000000000 0.0063235504
0.3467556871 0.0000000000 0.3420303184
0.6909458657 0.0000000000 0.6878268478
0.3410967185 0.0000000000 0.3427711184
0.0005785032 0.0038956478 0.0000000000
0.3377297965 0.0000000000 0.3393813819
0.6838158748 0.0000000000 0.6929951113
0.3424896518 0.0000000000 0.3481420407
0.0017460108 0.0000000000 0.0013944140
0.3391384599 0.0000000000 0.3405496681
0.6810201118 0.0000000000 0.6923593545
0.3381819532 0.0000000000 0.3363080839
0.0000000000 0.0074416347 0.0036152490
0.3441471514 0.0000000000 0.3391312177
0.6912202755 0.0000000000 0.6890108902
0.3301533570 0.0000000000 0.3308996619
0.0000000000 0.0008506591 0.0044418035
0.3330156815 0.0000000000 0.3391914734
0.6845430246 0.0000000000 0.6891441920
0.3391789961 0.0000000000 0.3349241295
0.0000000000 0.0063544073 0.0016971088
0.3440464372 0.0000000000 0.3413871662
0.6939905237 0.0000000000 0.7012965005
0.3547232130 0.0000000000 0.3547400012
0.0000483126 0.0000000000 0.0014382336
0.3335556720 0.0000000000 0.3333194697
0.6855613566 0.0000000000 0.6953058308
0.3368646034 0.0000000000 0.3404351527
0.0054431393 0.0000000000 0.0078608130
0.3244488772 0.0000000000 0.3373364163
0.6880731918 0.0000000000 0.6840717335
0.3346217005 0.0000000000 0.3302828925
0.0000000000 0.0025777232 0.0016252966
0.3379902687 0.0000000000 0.3365755885
0.6937762172 0.0000000000 0.6907186454
0.3354979930 0.0000000000 0.3399545141
0.0000000000 0.0018817692 0.0042472571
0.3369015715 0.0000000000 0.3505707052
0.6767033188 0.0000000000 0.6812553182
0.3437774757 0.0000000000 0.3476123910
0.0000000000 0.0084657683 0.0104672390
0.3376343160 0.0000000000 0.3376113840
0.6838394265 0.0000000000 0.6797685453
0.3437132234 0.0000000000 0.3500201069
0.0110832900 0.0119675673 0.0000000000
0.3410704503 0.0000000000 0.3367244272
0.6964317747 0.0000000000 0.7008461479
0.3381677457 0.0000000000 0.3315704018
0.0041003404 0.0000000000 0.0120888807
0.3452003554 0.0000000000 0.3376437074
0.6833057286 0.0000000000 0.6981333262
0.3567763849 0.0000000000 0.3495023923
0.0064575865 0.0000000000 0.0086877177
0.3468872217 0.0000000000 0.3377602799
0.6845969108 0.0000000000 0.6915115356
0.3334148134 0.0000000000 0.3386639526
0.0037350034 0.0000000000 0.0083620225
0.3328071667 0.0000000000 0.3384954881
0.6831004657 0.0000000000 0.6860201380
0.3440068882 0.0000000000 0.3353246188
0.0000000000 0.0008564010 0.0049647264
0.3380160141 0.0000000000 0.3332362586
0.6855070883 0.0000000000 0.6724383237
0.3327056339 0.0000000000 0.3409438506
0.0000000000 0.0081108995 0.0122234930
0.3398429086 0.0000000000 0.3344181960
0.6773868508 0.0000000000 0.6799812526
0.3277064171 0.0000000000 0.3350089647
0.0051176091 0.0000000000 0.0042910937
0.3400053596 0.0000000000 0.3435560696
0.6903842839 0.0000000000 0.6874118542
0.3419361197 0.0000000000 0.3353063658
0.0049133852 0.0005860314 0.0000000000
0.3225742982 0.0000000000 0.3366714565
0.6835909974 0.0000000000 0.6904128302
0.3476644102 0.0000000000 0.3496662432
0.0000000000 0.0042454016 0.0040759424
0.3472869940 0.0000000000 0.3562585296
0.6772488230 0.0000000000 0.6795299409
0.3387697628 0.0000000000 0.3404913479
0.0044734745 0.0058940686 0.0000000000
0.3303829950 0.0000000000 0.3311016909
0.6915921023 0.0000000000 0.6885021746
0.3406754916 0.0000000000 0.3443963944
0.0086104058 0.0036070522 0.0000000000
0.3428787443 0.0000000000 0.3531115436
0.6851581530 0.0000000000 0.6861171646
0.3341065569 0.0000000000 0.3292007424
0.0000000000 0.0006613500 0.0026926746
0.3315376390 0.0000000000 0.3372705175
0.6970777562 0.0000000000 0.6863340506
0.3279725795 0.0000000000 0.3494566463
0.0055000464 0.0000000000 0.0080910314
0.3448514786 0.0000000000 0.3345788334
0.7106992462 0.0000000000 0.7053319899
0.3396517345 0.0000000000 0.3391611226
0.0039565247 0.0069719792 0.0000000000
0.3452111806 0.0000000000 0.3471226056
0.6883347024 0.0000000000 0.6972224229
0.3295572781 0.0000000000 0.3335949997
0.0000000000 0.0043024966 0.0074640575
0.3344424698 0.0000000000 0.3364426769
0.6923986930 0.0000000000 0.6964651024
0.3449449044 0.0000000000 0.3457947631
0.0101764856 0.0052676266 0.0000000000
0.3406687363 0.0000000000 0.3347095368
0.6885661858 0.0000000000 0.6853150688
0.3409917564 0.0000000000 0.3382151126
0.0000000000 0.0058887651 0.0042546594
0.3456479940 0.0000000000 0.3512194767
