0.3712713213 0.0000000000 0.3710805836
0.1868498584 0.0000000000 0.1828475673
0.0083230086 0.0104634022 0.0000000000
0.1868065478 0.0000000000 0.1834277256
0.3738630639 0.0000000000 0.3716738394
0.1905614198 0.0000000000 0.1785361195
0.0000000000 0.0072891972 0.0061716831
0.1902565730 0.0000000000 0.1928889552
0.3653613435 0.0000000000 0.3612987250
0.1797275828 0.0000000000 0.1791278603
0.0000000000 0.0134540329 0.0029437021
0.1857011214 0.0000000000 0.1716525677
0.3775177101 0.0000000000 0.3775232728
0.1739195476 0.0000000000 0.1877276065
0.0088638324 0.0000000000 0.0170628828
0.1666781383 0.0000000000 0.1724637613
0.3749277751 0.0000000000 0.3733677432
0.1773897332 0.0000000000 0.1836470559
0.0000000000 0.0075104542 0.0027813059
0.1831333052 0.0000000000 0.1814285876
0.3688552148 0.0000000000 0.3673942535
0.1877723619 0.0000000000 0.1760985247
0.0000000000 0.0122168354 0.0135035097
0.1782876151 0.0000000000 0.1796055163
0.3586105129 0.0000000000 0.3701658425
0.1810646087 0.0000000000 0.1775189435
0.0000000000 0.0034271950 0.0110685064
0.1687262256 0.0000000000 0.1744982393
0.3645782454 0.0000000000 0.3686763745
0.1898845721 0.0000000000 0.1910537428
0.0033688897 0.0132486423 0.0000000000
0.1829312132 0.0000000000 0.1758573614
0.3639672008 0.0000000000 0.3549213834
0.1761509471 0.0000000000 0.1868495953
0.0000000000 0.0052032479 0.0042918191
0.1859491416 0.0000000000 0.1902582668
0.3714294650 0.0000000000 0.3669888451
0.1883942994 0.0000000000 0.1845251787
0.0089946849 0.0000000000 0.0003357753
0.1872888469 0.0000000000 0.1781015761
0.3606284040 0.0000000000 0.3641879742
0.1804703752 0.0000000000 0.1818225928
0.0000000000 0.0022003559 0.0164453743
0.1895293571 0.0000000000 0.1923503738
0.3736979848 0.0000000000 0.3683852159
0.1771512314 0.0000000000 0.1792423436
0.0017429457 0.0000000000 0.0062019976
0.1873412075 0.0000000000 0.1853765947
0.3611398281 0.0000000000 0.3597964383
0.1923352055 0.0000000000 0.1873514474
0.0049415739 0.0000000000 0.0020891925
0.1785063426 0.0000000000 0.1805301862
0.3684234613 0.0000000000 0.3780962847
0.1817531228 0.0000000000 0.1802929815
0.0028277738 0.0000000000 0.0056419671
0.1980286517 0.0000000000 0.1885731127
0.3646774736 0.0000000000 0.3616186102
0.1941021188 0.0000000000 0.1864462030
0.0000000000 0.0038457896 0.0039164566
0.1796357962 0.0000000000 0.1847919275
0.3574094585 0.0000000000 0.3635430816
0.1785758059 0.0000000000 0.1816700971
0.0000000000 0.0013888569 0.0014203700
0.1792631772 0.0000000000 0.1826145918
0.3631547135 0.0000000000 0.3597744544
0.1917845485 0.0000000000 0.1898197416
0.0035233546 0.0029521944 0.0000000000
0.1825277483 0.0000000000 0.1797885573
0.3773729893 0.0000000000 0.3712237427
0.1870005608 0.0000000000 0.1830728097
0.0000000000 0.0137794862 0.0003852051
0.1892526186 0.0000000000 0.1928887871
0.3629576334 0.0000000000 0.3682503824
0.1799914699 0.0000000000 0.1846928679
0.0000000000 0.0092097716 0.0045024145
0.1841618830 0.0000000000 0.1978710337
0.3679791204 0.0000000000 0.3634960055
0.1822210320 0.0000000000 0.1842538963
0.0022903463 0.0000000000 0.0008638590
0.1714090092 0.0000000000 0.1760887023
0.3547572789 0.0000000000 0.3453652295
0.1764711280 0.0000000000 0.1927912798
0.0128503589 0.0000000000 0.0118952797
0.1803934798 0.0000000000 0.1823286216
0.3680568634 0.0000000000 0.3613753035
0.1952598199 0.0000000000 0.1948375798
0.0090059771 0.0053226867 0.0000000000
0.1922673766 0.0000000000 0.1814484287
0.3537650861 0.0000000000 0.3618096160
0.1882967699 0.0000000000 0.1874418575
0.0037645883 0.0000000000 0.0044568445
0.2007209325 0.0000000000 0.1853395077
0.3605767230 0.0000000000 0.3709992741
0.1971825856 0.0000000000 0.1919212783
0.0049596497 0.0030874899 0.0000000000
0.1768281872 0.0000000000 0.1859777067
0.3727055958 0.0000000000 0.3591753584
0.1828120244 0.0000000000 0.1779426003
0.0000000000 0.0026070060 0.0006082957
0.1835928963 0.0000000000 0.1881170881
0.3674215689 0.0000000000 0.3651865051
0.1851758990 0.0000000000 0.1747499540
0.0039806786 0.0000894040 0.0000000000
0.1799018885 0.0000000000 0.1763055544
0.3763965878 0.0000000000 0.3642837778
0.1831118296 0.0000000000 0.1873612196
0.0021118971 0.0000000000 0.0046508937
0.1813356202 0.0000000000 0.1953307179
0.3604393130 0.0000000000 0.3588750331
0.1945526318 0.0000000000 0.1917659225
0.0026735401 0.0108628602 0.0000000000
0.1833278642 0.0000000000 0.1831951035
0.3616225833 0.0000000000 0.3588114537
0.1825257938 0.0000000000 0.1915726276
0.0025798709 0.0017990908 0.0000000000
0.1773962458 0.0000000000 0.1704448823
0.3668313561 0.0000000000 0.3700963189
0.1925083504 0.0000000000 0.1865352078
0.0000000000 0.0001200049 0.0077826362
0.1854422057 0.0000000000 0.1823966756
0.3647496019 0.0000000000 0.3615257342
0.1791856363 0.0000000000 0.1815886714
0.0032323282 0.0000000000 0.0108458510
0.1864378928 0.0000000000 0.1741789216
0.3749881360 0.0000000000 0.3673643186
0.1765593723 0.0000000000 0.1885019723
0.0000000000 0.0089384954 0.0020753897
0.1761676652 0.0000000000 0.1800141814
