0.7142614277 0.0000000000 0.6971217969
0.3561561386 0.0000000000 0.3482057351
0.0129091026 0.0362378705 0.0000000000
0.3405252445 0.0000000000 0.3203630688
0.7035476455 0.0000000000 0.7031737388
0.3881367382 0.0000000000 0.3361459735
0.0141938533 0.0000000000 0.0219015160
0.3553363012 0.0000000000 0.3326740002
0.7021160323 0.0000000000 0.7062263779
0.3432136605 0.0000000000 0.3587942512
0.0180872480 0.0000000000 0.0442818165
0.3630833177 0.0000000000 0.4054319892
0.6926707903 0.0000000000 0.7196647562
0.3323754026 0.0000000000 0.3469230722
0.0386978778 0.0000000000 0.0141021229
0.3502729186 0.0000000000 0.3279742595
0.6809431721 0.0000000000 0.6592013669
0.3237931073 0.0000000000 0.3609899600
0.0353179648 0.0185756922 0.0000000000
0.3367641893 0.0000000000 0.3294555012
0.6559208022 0.0000000000 0.6950139378
0.3410985001 0.0000000000 0.3377763063
0.0000000000 0.0019810832 0.0088978781
0.3445840320 0.0000000000 0.2873333271
0.6330336922 0.0000000000 0.6116908485
0.3411154376 0.0000000000 0.3207025769
0.0000000000 0.0165180512 0.0132851885
0.3722190440 0.0000000000 0.3670548225
0.7190395025 0.0000000000 0.6649597979
0.2998029600 0.0000000000 0.3318000291
0.0137704665 0.0000000000 0.0218114062
0.3613614291 0.0000000000 0.3626596767
0.6972396854 0.0000000000 0.7325399700
0.3446613504 0.0000000000 0.2998022232
0.0724156769 0.0425466459 0.0000000000
0.3385775219 0.0000000000 0.3341067879
0.7060388783 0.0000000000 0.6855659428
0.3139276579 0.0000000000 0.3334560047
0.0000000000 0.0074523738 0.0307346318
0.3762389475 0.0000000000 0.3452745284
0.6604645883 0.0000000000 0.6907066133
0.3541195060 0.0000000000 0.3576234069
0.0281461515 0.0145279712 0.0000000000
0.3418987790 0.0000000000 0.3674316434
0.6982248491 0.0000000000 0.6750238525
0.3746737274 0.0000000000 0.3199034112
0.0000000000 0.0246602623 0.0139084640
0.3280180697 0.0000000000 0.3549993920
0.7056048901 0.0000000000 0.7503462586
0.3467672806 0.0000000000 0.3718215256
0.0033842517 0.0000000000 0.0060486964
0.3761667216 0.0000000000 0.3491348786
0.7161742048 0.0000000000 0.7277611132
0.3375983165 0.0000000000 0.3331890295
0.0207963517 0.0000000000 0.0052081844
0.3015578009 0.0000000000 0.3430668474
0.6758932146 0.0000000000 0.6602265829
0.3739875483 0.0000000000 0.3750348841
0.0006717341 0.0224657681 0.0000000000
0.3453008303 0.0000000000 0.3509780811
0.7130975456 0.0000000000 0.7617356807
0.3311470534 0.0000000000 0.3258215584
0.0087071791 0.0000000000 0.0193094326
0.3345451628 0.0000000000 0.3229802824
0.6753092968 0.0000000000 0.7085414707
0.3360221421 0.0000000000 0.2959867702
0.0057863778 0.0137206719 0.0000000000
0.3841045804 0.0000000000 0.3352434742
0.7374306110 0.0000000000 0.7175401994
0.3350071399 0.0000000000 0.3735540630
0.0000000000 0.0159014035 0.0022425209
0.3301016793 0.0000000000 0.3423046286
0.6449164376 0.0000000000 0.6636833638
0.3186159597 0.0000000000 0.3381583959
0.0000000000 0.0120317504 0.0104290487
0.3154421987 0.0000000000 0.3086193613
0.6438848484 0.0000000000 0.6404168568
0.3214778547 0.0000000000 0.3321883684
0.0191449012 0.0000000000 0.0170223080
0.3304000134 0.0000000000 0.3269655069
0.6601204740 0.0000000000 0.7169951797
0.3297565082 0.0000000000 0.3204287202
0.0397755895 0.0025837037 0.0000000000
0.2986812973 0.0000000000 0.3220195757
0.6502097820 0.0000000000 0.6685618954
0.3182671260 0.0000000000 0.3749383149
0.0000000000 0.0503209010 0.0455335795
0.3715461142 0.0000000000 0.3548592852
0.6703062658 0.0000000000 0.6800949896
0.3037219887 0.0000000000 0.3142970255
0.0259702930 0.0000000000 0.0079372235
0.2700389667 0.0000000000 0.2892317351
0.6742741258 0.0000000000 0.6955831731
0.3112341383 0.0000000000 0.3646270071
0.0000000000 0.0626508988 0.0163480459
0.3487111560 0.0000000000 0.3214317437
0.6847949145 0.0000000000 0.6863959963
0.3092149612 0.0000000000 0.2949618804
0.0000000000 0.0010770154 0.0153639140
0.3231313707 0.0000000000 0.3313266173
0.7074492543 0.0000000000 0.6888113192
0.3444437060 0.0000000000 0.3038731700
0.0280361437 0.0229150930 0.0000000000
0.3405578253 0.0000000000 0.3233658665
0.6432234290 0.0000000000 0.6813293332
0.3504816619 0.0000000000 0.3395599117
0.0375776957 0.0203901987 0.0000000000
0.3032055696 0.0000000000 0.3099215626
0.7319924223 0.0000000000 0.7116270566
0.3548365193 0.0000000000 0.3527676703
0.0259607514 0.0000000000 0.0365764866
0.3517761954 0.0000000000 0.3582496490
0.6848616922 0.0000000000 0.6838916729
0.3499282184 0.0000000000 0.3417510099
0.0107576381 0.0000000000 0.0040164163
0.3600869281 0.0000000000 0.3290496642
0.6706641503 0.0000000000 0.7195904259
0.2837839263 0.0000000000 0.3067345902
0.0220381320 0.0014348554 0.0000000000
0.3385083737 0.0000000000 0.3573860990
0.6660183403 0.0000000000 0.6769444134
0.3439251883 0.0000000000 0.3813329195
0.0430495449 0.0000000000 0.0472079249
0.3471087579 0.0000000000 0.3654060928
0.7090185167 0.0000000000 0.6920983632
0.3083197818 0.0000000000 0.3378588699
0.0725417578 0.0000000000 0.0275885349
0.3336404319 0.0000000000 0.3200936172
