0.3472810142 0.0000000000 0.3461240713
0.1995366485 0.0000000000 0.1778729444
0.0165338300 0.0247030649 0.0000000000
0.1760657098 0.0000000000 0.1798426132
0.3453869660 0.0000000000 0.3503017893
0.1786854262 0.0000000000 0.2172021108
0.0667269474 0.0000000000 0.0262076477
0.1420857159 0.0000000000 0.1764298036
0.3585525180 0.0000000000 0.3492967561
0.1798719321 0.0000000000 0.1898558167
0.0039466936 0.0000000000 0.0109971090
0.1702363798 0.0000000000 0.1614675986
0.3484812964 0.0000000000 0.3616703864
0.1902518091 0.0000000000 0.2204279338
0.0000000000 0.0037261327 0.0117737562
0.1575008828 0.0000000000 0.1251089643
0.3709440680 0.0000000000 0.3795699785
0.2077169014 0.0000000000 0.2134478548
0.0325681119 0.0000000000 0.0721807668
0.1906061666 0.0000000000 0.1864600788
0.3782528726 0.0000000000 0.3437770727
0.1615129982 0.0000000000 0.2224083745
0.0366685638 0.0216834654 0.0000000000
0.1514354828 0.0000000000 0.1705857585
0.3675049688 0.0000000000 0.4205744273
0.1601732623 0.0000000000 0.2249321628
0.0337326050 0.0018128165 0.0000000000
0.1649871140 0.0000000000 0.1699918057
0.3825797200 0.0000000000 0.3418173740
0.1751207000 0.0000000000 0.2113062487
0.0000000000 0.0364360486 0.0008412844
0.2052475190 0.0000000000 0.2201319645
0.3936079798 0.0000000000 0.3792131644
0.2399332817 0.0000000000 0.2440752157
0.0010638326 0.0083935736 0.0000000000
0.2197069094 0.0000000000 0.2089266298
0.3449349786 0.0000000000 0.3453446440
0.1987070864 0.0000000000 0.1764866363
0.0397475839 0.0000000000 0.0281852368
0.2037656513 0.0000000000 0.2150712791
0.3561044350 0.0000000000 0.3546628028
0.1785566806 0.0000000000 0.1843422531
0.0000000000 0.0569921060 0.0209992678
0.2167749674 0.0000000000 0.2346111147
0.3964445583 0.0000000000 0.4119403545
0.2134761687 0.0000000000 0.1836082737
0.0000000000 0.0312625299 0.0565740603
0.1832516090 0.0000000000 0.2174901073
0.3409078329 0.0000000000 0.3638642141
0.1742634394 0.0000000000 0.1713143265
0.0000000000 0.0097544397 0.0279047936
0.1730893807 0.0000000000 0.1730964769
0.3225769253 0.0000000000 0.3390427862
0.2124932195 0.0000000000 0.2097427823
0.0000000000 0.0340273821 0.0184652554
0.2089250231 0.0000000000 0.1581832854
0.3289195353 0.0000000000 0.3527269920
0.1848982451 0.0000000000 0.1826831567
0.0000000000 0.0055957587 0.0087162776
0.2089205278 0.0000000000 0.2083535119
0.3718469628 0.0000000000 0.3610189331
0.1952506587 0.0000000000 0.1704511451
0.0157726190 0.0236110408 0.0000000000
0.1461446519 0.0000000000 0.1419649248
0.3591692901 0.0000000000 0.3436807077
0.1718529573 0.0000000000 0.1860318702
0.0000000000 0.0330643934 0.0346817464
0.2125797141 0.0000000000 0.1964805927
0.3804957438 0.0000000000 0.4018507063
0.1675367405 0.0000000000 0.1424786514
0.0303213714 0.0000000000 0.0547021426
0.2035608406 0.0000000000 0.1800613747
0.3140213129 0.0000000000 0.3505656377
0.2085310400 0.0000000000 0.2024155832
0.0194841883 0.0533878597 0.0000000000
0.1525517377 0.0000000000 0.1910887159
0.3628256237 0.0000000000 0.3532677470
0.1646852164 0.0000000000 0.1524630494
0.0000000000 0.0362039926 0.0350035135
0.1823859482 0.0000000000 0.2133916677
0.3390652407 0.0000000000 0.3496585959
0.1489300064 0.0000000000 0.1607862518
0.0306103722 0.0097615784 0.0000000000
0.2025405084 0.0000000000 0.2151415479
0.3671408418 0.0000000000 0.3527359721
0.2066421451 0.0000000000 0.1833363414
0.0078682734 0.0000000000 0.0130326223
0.1685466401 0.0000000000 0.1921031986
0.3738339934 0.0000000000 0.3790527340
0.1790628987 0.0000000000 0.1804452272
0.0244188232 0.0162042495 0.0000000000
0.1765515940 0.0000000000 0.1932803985
0.3673806341 0.0000000000 0.3648046143
0.1340149680 0.0000000000 0.1366248991
0.0813554197 0.0000000000 0.0115775541
0.1860566148 0.0000000000 0.1902097580
0.3508784862 0.0000000000 0.3784845260
0.1986873133 0.0000000000 0.1713409326
0.0000000000 0.0175249228 0.0000559186
0.1812489920 0.0000000000 0.1878025204
0.3643371330 0.0000000000 0.3427976124
0.1518741573 0.0000000000 0.1306485909
0.0204330648 0.0000000000 0.0105175679
0.1744601548 0.0000000000 0.1602588382
0.3568084091 0.0000000000 0.3787697208
0.1863368343 0.0000000000 0.1630984330
0.0619052708 0.0398602407 0.0000000000
0.1774421121 0.0000000000 0.1475284458
0.3786682233 0.0000000000 0.3251999120
0.1368845928 0.0000000000 0.1854104335
0.0000000000 0.0002128052 0.0271031099
0.1816542241 0.0000000000 0.1763476488
0.3202689871 0.0000000000 0.3268822246
0.1311423249 0.0000000000 0.0966369450
0.0340295969 0.0000000000 0.0445712718
0.1674758782 0.0000000000 0.1634778005
0.3530283147 0.0000000000 0.3514151578
0.1501349736 0.0000000000 0.1658732375
0.0000000000 0.0048592682 0.0149022963
0.2003654748 0.0000000000 0.2182258424
0.3391183783 0.0000000000 0.3131539466
0.1945049416 0.0000000000 0.1941976155
0.0000000000 0.0236508926 0.0579447244
0.1634794129 0.0000000000 0.1999979210
0.3776197484 0.0000000000 0.3567478129
0.1932832933 0.0000000000 0.1846466092
0.0000000000 0.0156921790 0.0435308549
0.2025915707 0.0000000000 0.1576394464
