0.0004561671 0.0420906488 0.0000000000
0.0034332018 0.0000000000 0.0136439973
0.0125176371 0.0000000000 0.0200756409
0.0000000000 0.0402330228 0.0162612120
0.0180720592 0.0093851627 0.0000000000
0.0000000000 0.0164674787 0.0259221560
0.0005453729 0.0265789330 0.0000000000
0.0411518186 0.0465378658 0.0000000000
0.0320030633 0.0051276339 0.0000000000
0.0176495041 0.0000000000 0.0116416364
0.0113693441 0.0000000000 0.0073050861
0.0198132361 0.0000000000 0.0054041396
0.0023064212 0.0000000000 0.0260302086
0.0000000000 0.0158389601 0.0425536821
0.0000000000 0.0280159183 0.0648348527
0.0000000000 0.0387591413 0.0137022659
0.0210046848 0.0000000000 0.0000157504
0.0484208339 0.0119274136 0.0000000000
0.0141836933 0.0316684665 0.0000000000
0.0000000000 0.0003365783 0.0157722200
0.0123016710 0.0000000000 0.0312208722
0.0127514265 0.0242530388 0.0000000000
0.0212792740 0.0000000000 0.0340280150
0.0406547184 0.0536678292 0.0000000000
0.0000000000 0.0254958633 0.0033191603
0.0062121325 0.0000000000 0.0167961205
0.0043673353 0.0000000000 0.0264955220
0.0000000000 0.0460080434 0.0500582071
0.0230409766 0.0000000000 0.0867980066
0.0070971307 0.0263455107 0.0000000000
0.0438737852 0.0000000000 0.0562861980
0.0000000000 0.0384448303 0.0183212561
0.0795097801 0.0000000000 0.0236915907
0.0000000000 0.0304400237 0.0119799772
0.0543822261 0.0000000000 0.0867017344
0.0000000000 0.0040969277 0.0174016234
0.0258130051 0.0000000000 0.0089979855
0.0143919932 0.0363375444 0.0000000000
0.0153865671 0.0000000000 0.0255654083
0.0000000000 0.0448713308 0.0056587366
0.0000000000 0.0463481592 0.0640147423
0.0395418896 0.0289406313 0.0000000000
0.0000000000 0.0050255934 0.0264740463
0.0000000000 0.0014777491 0.0020973428
0.0210830087 0.0164498431 0.0000000000
0.0093821704 0.0087536620 0.0000000000
0.0186835467 0.0008591197 0.0000000000
0.0151270584 0.0000000000 0.0574736529
0.0298706129 0.0422063709 0.0000000000
0.0000000000 0.0396735377 0.0455175096
0.0556141953 0.0000000000 0.0018349624
0.0233637822 0.0000000000 0.0216865047
0.0116278257 0.0000000000 0.0362100970
0.0038136995 0.0000000000 0.0366384811
0.0037909938 0.0087895680 0.0000000000
0.0026354409 0.0000000000 0.0348361865
0.0193401641 0.0000000000 0.0648998709
0.0000000000 0.0170904763 0.0369510969
0.0123958821 0.0119967037 0.0000000000
0.0000000000 0.0183526606 0.0140159356
0.0011014322 0.0000000000 0.0384908480
0.0000000000 0.0157399102 0.0428484769
0.0518301664 0.0000000000 0.0083127970
0.0000000000 0.0091784040 0.0171006802
0.0000000000 0.0474051280 0.0295761899
0.0000000000 0.0242121288 0.0202601671
0.0000000000 0.0042305290 0.0637151611
0.0481442885 0.0467469137 0.0000000000
0.0244753100 0.0308855874 0.0000000000
0.0512044270 0.0501409524 0.0000000000
0.0000000000 0.0099654760 0.0192044105
0.0585730642 0.0586939937 0.0000000000
0.0000000000 0.0512165861 0.0674657863
0.0541999512 0.0320007619 0.0000000000
0.0044884371 0.0000000000 0.0096210221
0.0522233909 0.0350037263 0.0000000000
0.0419816393 0.0716693098 0.0000000000
0.0463956303 0.0000000000 0.0445809660
0.0135649956 0.0000000000 0.0032245982
0.0490003227 0.0000000000 0.0092382061
0.0000000000 0.0105845551 0.0399242681
0.0210291314 0.0070016498 0.0000000000
0.0000000000 0.0448426845 0.0316258508
0.0244461362 0.0000000000 0.0527520857
0.0330591218 0.0000000000 0.0288442359
0.0226469018 0.0000000000 0.0116859401
0.0000000000 0.0542864962 0.0602914514
0.0243946495 0.0000000000 0.0103107943
0.0000000000 0.0144567419 0.0036786768
0.0000000000 0.0201144710 0.0127987077
0.0019103663 0.0154198203 0.0000000000
0.0007961058 0.0000000000 0.0421940906
0.0276249403 0.0453865927 0.0000000000
0.0127442358 0.0000000000 0.0009135238
0.0123026587 0.0000000000 0.0230713696
0.0000000000 0.0251354436 0.0082287313
0.0037847259 0.0000000000 0.0106924421
0.0000000000 0.0195268905 0.0490552149
0.0132145943 0.0343912401 0.0000000000
0.0396021308 0.0158656813 0.0000000000
0.0000000000 0.0139660210 0.0274264471
0.0000000000 0.0119400158 0.0028824232
0.0000000000 0.0253800977 0.0024525166
0.0000000000 0.0032535501 0.0154018411
0.0462474533 0.0000000000 0.0230695302
0.0496766411 0.0250982069 0.0000000000
0.0119767458 0.0000000000 0.0043143780
0.0014276357 0.0179786386 0.0000000000
0.0000000000 0.0224253966 0.0205731658
0.0000000000 0.0156471316 0.0172811799
0.0162320046 0.0000000000 0.0364234972
0.0074395042 0.0000000000 0.0049749211
0.0406901882 0.0000000000 0.0308455057
0.0000000000 0.0424888640 0.0164343815
0.0124279810 0.0341937287 0.0000000000
0.0120704246 0.0069318308 0.0000000000
0.0274455408 0.0000000000 0.0101503165
0.0440388721 0.0000000000 0.0392384362
0.0066461964 0.0450909246 0.0000000000
0.0049619882 0.0022552930 0.0000000000
0.0367590289 0.0243751652 0.0000000000
0.0325970755 0.0500247039 0.0000000000
0.0103274989 0.0215172776 0.0000000000
0.0000389235 0.0037788506 0.0000000000
0.0876822388 0.0000000000 0.0568619957
0.0421284981 0.0406195466 0.0000000000
0.0000000000 0.0106542052 0.0244183728
0.0294910173 0.0250657644 0.0000000000
