0.0000000000 0.3878145003 0.1280657047
0.0812422860 0.2553994639 0.0000000000
0.1001048401 0.0000000000 0.1496403012
0.1488500103 0.2128528606 0.0000000000
0.0000000000 0.2316477949 0.0017959046
0.0000000000 0.2098007324 0.0630432631
0.0000000000 0.0427145970 0.1000727544
0.0000000000 0.2523355494 0.1582406248
0.0000000000 0.3298564055 0.0932557539
0.0000000000 0.1852204582 0.1375766451
0.0484039565 0.0000000000 0.1131030681
0.0000000000 0.1979702335 0.0621479893
0.0899331770 0.3550511265 0.0000000000
0.0000000000 0.2004185323 0.0422507087
0.0000000000 0.0155515256 0.0326999727
0.0866105539 0.1981135357 0.0000000000
0.0510912926 0.4364005750 0.0000000000
0.0934380139 0.1551781059 0.0000000000
0.0091561271 0.0000000000 0.0707123068
0.0000000000 0.1471178859 0.0602125119
0.0280267836 0.3115000235 0.0000000000
0.0000000000 0.2116637575 0.0529446839
0.0567517912 0.0000000000 0.0058678653
0.1044024691 0.3670767155 0.0000000000
0.0000000000 0.3200270680 0.0806713837
0.0186035343 0.1533329322 0.0000000000
0.0691737490 0.0000000000 0.0957295803
0.1541671728 0.1394595781 0.0000000000
0.0000000000 0.3385898419 0.0532691644
0.0425381943 0.2286647045 0.0000000000
0.0048597512 0.0000000000 0.0144487471
0.0000000000 0.1502208984 0.0434014214
0.0000000000 0.3041756378 0.0234704495
0.0354423382 0.2663847825 0.0000000000
0.1715383705 0.0000000000 0.0933386079
0.0000000000 0.1224614845 0.0190258427
0.0790776141 0.3425621694 0.0000000000
0.0000000000 0.2337521341 0.0360231165
0.0959546891 0.0888826134 0.0000000000
0.0945297262 0.2640644602 0.0000000000
0.0597409697 0.3517666610 0.0000000000
0.0000000000 0.1995086215 0.0167378557
0.0034967537 0.0246057214 0.0000000000
0.0203574921 0.1796524133 0.0000000000
0.0000000000 0.2967955824 0.0259593873
0.0000000000 0.1738429119 0.0254769410
0.0050717039 0.0000000000 0.0707378177
0.0000000000 0.2275880003 0.0272127255
0.0000000000 0.2984162053 0.0587778930
0.0000000000 0.2421207172 0.0173417003
0.0469899526 0.0000000000 0.0118351996
0.0000000000 0.2566022114 0.0954580721
0.0000000000 0.3122093503 0.0557663924
0.0000000000 0.2211493252 0.0537727602
0.0876082511 0.0272845390 0.0000000000
0.0968565033 0.2155117017 0.0000000000
0.0000000000 0.4301178700 0.1122836511
0.0000000000 0.2522532935 0.0460142254
0.0372456068 0.0526866274 0.0000000000
0.0000000000 0.2972070016 0.0209509901
0.0000000000 0.3389740715 0.0522706501
0.1808239288 0.2535098449 0.0000000000
0.0069002508 0.0000000000 0.0295193231
0.0385731705 0.2592167732 0.0000000000
0.0131465030 0.2516901035 0.0000000000
0.0502793299 0.2340482189 0.0000000000
0.0000000000 0.0749179311 0.1114296593
0.0000000000 0.2232517222 0.0654711439
0.0000000000 0.4378338209 0.0732819575
0.0859423237 0.1866520094 0.0000000000
0.0976581695 0.1547830800 0.0000000000
0.0000000000 0.1677760101 0.0175470893
0.0000000000 0.3672320341 0.0185777980
0.0000000000 0.1809077576 0.0518397192
0.0000000000 0.1145710431 0.0869114909
0.0000000000 0.3477082490 0.0877429291
0.0372902073 0.3230001166 0.0000000000
0.0170003102 0.1353766453 0.0000000000
0.0547711442 0.0774916752 0.0000000000
0.0606626032 0.1048982469 0.0000000000
0.0000000000 0.3827821881 0.0353454093
0.0000000000 0.0618774308 0.0188949235
0.0000000000 0.1087311080 0.0035349711
0.0437691695 0.1424279527 0.0000000000
0.0255120903 0.3031308811 0.0000000000
0.0173568722 0.2178131178 0.0000000000
0.0025229487 0.0107164105 0.0000000000
0.0000000000 0.1254072533 0.0344287671
0.0922553710 0.3721176788 0.0000000000
0.0356571768 0.2306578595 0.0000000000
0.0354693852 0.0767524669 0.0000000000
0.0000000000 0.1488160415 0.1055619117
0.0485703336 0.3838921022 0.0000000000
0.0000000000 0.1134986693 0.0487562921
0.0000000000 0.0186226868 0.0003711496
0.0142797472 0.1349258009 0.0000000000
0.0000000000 0.3561534361 0.0412358578
0.0219475764 0.2397311146 0.0000000000
0.0842867841 0.0000000000 0.1228299033
0.0588044390 0.2836746319 0.0000000000
0.0869123691 0.3624971872 0.0000000000
0.0000000000 0.1959706469 0.0203649434
0.0544769247 0.0541469894 0.0000000000
0.0000000000 0.2051550401 0.1036553830
0.0375849823 0.4306557583 0.0000000000
0.0000000000 0.1675856535 0.0995335375
0.0000000000 0.0751971380 0.0871442585
0.0000000000 0.1993922279 0.0541420281
0.0498594034 0.2714996653 0.0000000000
0.0000000000 0.2585746170 0.0942001671
0.0000000000 0.0727698832 0.0453394734
0.0000000000 0.1863520515 0.0279553026
0.0565840423 0.3209588864 0.0000000000
0.0000000000 0.0990432708 0.0122320485
0.0457158952 0.0100701664 0.0000000000
0.0000000000 0.1780254786 0.0720345995
0.0273733089 0.2218670920 0.0000000000
0.0000000000 0.1934544838 0.0264014082
0.1619944296 0.0000000000 0.0205727109
0.0110116887 0.2155744426 0.0000000000
0.0000000000 0.3429551594 0.0638015369
0.0000000000 0.2736962556 0.1044511724
0.0000000000 0.0994899807 0.0934711965
0.1118254569 0.1519489405 0.0000000000
0.0913343789 0.4501124176 0.0000000000
0.0623150866 0.1676491317 0.0000000000
0.0000000000 0.0559500190 0.0339094234
0.0337260742 0.1152710758 0.0000000000
