0.6893104989 0.0000000000 0.7503799403
0.4371349413 0.0000000000 0.4243537547
0.0035785539 0.0870303567 0.0000000000
0.2398801655 0.0000000000 0.2297699236
0.6017604405 0.0000000000 0.6999505557
0.3685834911 0.0000000000 0.4090253119
0.0000000000 0.0045890598 0.0369611026
0.3277736458 0.0000000000 0.3499397350
0.6792852575 0.0000000000 0.6964487606
0.2699022278 0.0000000000 0.3158925602
0.0000000000 0.0090117338 0.0428368393
0.3090199381 0.0000000000 0.2933427876
0.6163459959 0.0000000000 0.7190631362
0.3551963121 0.0000000000 0.3896703142
0.0422369655 0.0200261666 0.0000000000
0.4139258333 0.0000000000 0.3616391758
0.6808600339 0.0000000000 0.7081226160
0.4250931894 0.0000000000 0.3756552478
0.0038390605 0.0004726347 0.0000000000
0.3007747899 0.0000000000 0.3496992575
0.6863667817 0.0000000000 0.7433590478
0.3553137652 0.0000000000 0.2446176724
0.0954542548 0.0629541418 0.0000000000
0.3476233684 0.0000000000 0.3519914693
0.7214244694 0.0000000000 0.6658529445
0.3657108329 0.0000000000 0.3446884570
0.0000000000 0.0337513122 0.0127207643
0.2826149228 0.0000000000 0.4808966241
0.6813583202 0.0000000000 0.7016220740
0.4528183208 0.0000000000 0.4084295234
0.0108024123 0.0650882218 0.0000000000
0.2970928097 0.0000000000 0.3738616736
0.5811363463 0.0000000000 0.7395431922
0.2954190447 0.0000000000 0.4336443257
0.0334429955 0.0000000000 0.0012040462
0.3473302062 0.0000000000 0.2591107840
0.7061718124 0.0000000000 0.6987873074
0.2309046765 0.0000000000 0.3389623231
0.1150279124 0.1728653079 0.0000000000
0.4118538832 0.0000000000 0.3694639151
0.6798357309 0.0000000000 0.7573796764
0.3407920887 0.0000000000 0.3840509305
0.0165276167 0.0000000000 0.0346656569
0.3216808622 0.0000000000 0.3553481141
0.7120191160 0.0000000000 0.7086405116
0.3105525710 0.0000000000 0.2715134060
0.0322983578 0.0000000000 0.0371590989
0.2498963638 0.0000000000 0.3042245553
0.7035539787 0.0000000000 0.5885091428
0.3665106158 0.0000000000 0.4206259382
0.1822583984 0.0000000000 0.0960812226
0.4480547441 0.0000000000 0.3665184455
0.6936825535 0.0000000000 0.5670833520
0.3830737638 0.0000000000 0.3861593589
0.0546380524 0.0000000000 0.0474254589
0.4150348807 0.0000000000 0.2992736793
0.7575338703 0.0000000000 0.7014854213
0.3078639012 0.0000000000 0.3523310476
0.0019369792 0.0796151979 0.0000000000
0.3895867972 0.0000000000 0.3323868462
0.5678229131 0.0000000000 0.5862966159
0.3062480117 0.0000000000 0.2701414664
0.0000000000 0.0720108817 0.0860774770
0.2669637597 0.0000000000 0.4026836838
0.7053953199 0.0000000000 0.7131982425
0.2862843039 0.0000000000 0.3482868689
0.1114847232 0.0266605082 0.0000000000
0.3723721332 0.0000000000 0.3248378511
0.6602083296 0.0000000000 0.6517726488
0.3059116333 0.0000000000 0.2462779372
0.0000000000 0.1164367210 0.0921257199
0.4027467913 0.0000000000 0.3673952793
0.7977827729 0.0000000000 0.7459526293
0.2595002948 0.0000000000 0.2265889194
0.0000000000 0.0969302037 0.0568742373
0.4670486164 0.0000000000 0.4308899101
0.7513941443 0.0000000000 0.7303871653
0.4332880111 0.0000000000 0.5031306993
0.0047084684 0.0000000000 0.0141867565
0.3854284923 0.0000000000 0.4344225471
0.7991534887 0.0000000000 0.7624375689
0.4470531599 0.0000000000 0.2676511994
0.0256612757 0.1223603769 0.0000000000
0.3710798596 0.0000000000 0.3213820222
0.7270691530 0.0000000000 0.7617322932
0.3121701818 0.0000000000 0.2553525676
0.0216513511 0.0000000000 0.0197636730
0.2646920664 0.0000000000 0.3470366398
0.6404832128 0.0000000000 0.7146510306
0.3448997852 0.0000000000 0.4000073307
0.0000000000 0.0829983117 0.1152700092
0.2265976391 0.0000000000 0.2348639342
0.7338929706 0.0000000000 0.6519954719
0.4663411484 0.0000000000 0.3960814413
0.1572786214 0.0000000000 0.0809620153
0.3289567755 0.0000000000 0.3321981944
0.7327801649 0.0000000000 0.6584147420
0.3184550551 0.0000000000 0.2209684439
0.0012893805 0.0176618950 0.0000000000
0.3049870777 0.0000000000 0.3083238827
0.6500921653 0.0000000000 0.8042122719
0.4322323899 0.0000000000 0.3668715273
0.0734214422 0.0405685575 0.0000000000
0.2270070118 0.0000000000 0.2550971407
0.6489103252 0.0000000000 0.7352806816
0.3690645446 0.0000000000 0.3238107266
0.0364724246 0.0000000000 0.0856543408
0.3672073062 0.0000000000 0.3365134342
0.5912863389 0.0000000000 0.6604788169
0.4210846022 0.0000000000 0.4767936970
0.0000000000 0.1018015550 0.0027122878
0.3694832830 0.0000000000 0.3697702914
0.7176529126 0.0000000000 0.6964938440
0.4173943336 0.0000000000 0.2908714911
0.0000000000 0.0430744679 0.0129880161
0.3333762930 0.0000000000 0.3305124881
0.7632716704 0.0000000000 0.6391143072
0.5551343948 0.0000000000 0.4271094497
0.1346725433 0.0000000000 0.0967147436
0.3722772944 0.0000000000 0.3980524765
0.6180744396 0.0000000000 0.6731222432
0.2734428546 0.0000000000 0.2728962772
0.0048807469 0.0235201965 0.0000000000
0.3010914517 0.0000000000 0.2640492071
0.7332451972 0.0000000000 0.6866385263
0.4027102545 0.0000000000 0.5243332812
0.0000000000 0.1456751857 0.0620251653
0.3929466377 0.0000000000 0.3495791964
