0.0458270024 0.0000000000 0.0739543324
0.0303474198 0.0000000000 0.0202854477
0.0000000000 0.0033795293 0.0286947129
0.0000000000 0.0147975989 0.0931393093
0.0588328329 0.0729354996 0.0000000000
0.0996414733 0.1251677366 0.0000000000
0.0055032555 0.0000000000 0.0127303938
0.0965633353 0.0000000000 0.0344155071
0.0000000000 0.1034121739 0.0489238478
0.0000000000 0.0290269667 0.0018559143
0.0000000000 0.0418179500 0.0675023940
0.1406342009 0.0906650586 0.0000000000
0.0000000000 0.0426615342 0.0819563788
0.0928263126 0.0330201757 0.0000000000
0.0000000000 0.0719428905 0.0387938428
0.0000000000 0.0862321258 0.0680759779
0.0000000000 0.0664836749 0.0534065111
0.0074763143 0.0397690778 0.0000000000
0.1269495501 0.0000000000 0.2096801725
0.0000000000 0.0744410060 0.0727781421
0.0285157614 0.0414059210 0.0000000000
0.0827259590 0.0000000000 0.0192643454
0.0000000000 0.0126104484 0.0031069905
0.0349439377 0.0394077943 0.0000000000
0.0287123269 0.0000000000 0.1688806691
0.1392905242 0.0777372338 0.0000000000
0.0567669884 0.0000000000 0.1059481008
0.0000000000 0.0302237447 0.0548360729
0.1021762469 0.0000000000 0.0868801398
0.0614237530 0.0961860264 0.0000000000
0.0000000000 0.0869545218 0.0005818362
0.0775421411 0.0000000000 0.0215367478
0.0445965627 0.0324830454 0.0000000000
0.0998974412 0.0919186141 0.0000000000
0.0325338168 0.0000000000 0.1052295460
0.0000000000 0.0307128680 0.0517763029
0.1345097121 0.1868634827 0.0000000000
0.1075459289 0.0301094515 0.0000000000
0.0246932050 0.0000000000 0.0184703918
0.0000000000 0.1005801583 0.0843598961
0.0411041515 0.0000000000 0.1420963170
0.0558151668 0.0576052916 0.0000000000
0.0479824529 0.0477655980 0.0000000000
0.0000000000 0.1013358347 0.1412722856
0.0463221130 0.0000000000 0.0428497170
0.0257903359 0.0000000000 0.0308317641
0.0951741598 0.0653909942 0.0000000000
0.0019734804 0.0640766351 0.0000000000
0.0043486031 0.0000000000 0.0637913663
0.0000000000 0.0108947195 0.0889279033
0.0075979041 0.0818250647 0.0000000000
0.0000000000 0.0804987376 0.1015615248
0.0000000000 0.0811053003 0.0385585204
0.1210703386 0.0000000000 0.0013409723
0.1081553801 0.0000000000 0.0979826533
0.0000000000 0.0146401841 0.0705627171
0.0674392197 0.0000000000 0.0200436292
0.0387140262 0.1251806043 0.0000000000
0.0065124602 0.0000000000 0.0382709671
0.0554444446 0.0000000000 0.0661369550
0.0000000000 0.1173212942 0.1090265586
0.0000000000 0.0210973879 0.0189777389
0.0925626080 0.0471295929 0.0000000000
0.0098932444 0.0000000000 0.0994873595
0.0271755740 0.0000000000 0.0875843908
0.0000000000 0.0031800231 0.0196938709
0.0209443949 0.0411914839 0.0000000000
0.0133510250 0.0831625990 0.0000000000
0.0000000000 0.0015052424 0.0442349847
0.0678625112 0.0069289027 0.0000000000
0.0208932698 0.0000000000 0.0033554096
0.0185073504 0.0000000000 0.0746768361
0.0693679437 0.0087976465 0.0000000000
0.0599550458 0.0000000000 0.0259699442
0.0876032492 0.0000000000 0.0732934559
0.0764073066 0.0000000000 0.0064725415
0.0000000000 0.0774771125 0.1202846235
0.0419560805 0.0000000000 0.0306756061
0.0675618345 0.0000000000 0.0471689737
0.0633793226 0.0000000000 0.0371122601
0.0418380270 0.0849670257 0.0000000000
0.0347687284 0.0265653747 0.0000000000
0.0342369923 0.0000000000 0.0778244205
0.0964014988 0.0111321372 0.0000000000
0.0000000000 0.0065893270 0.0689370067
0.1450335001 0.1586424383 0.0000000000
0.0263914092 0.0994883340 0.0000000000
0.0837833587 0.0000000000 0.0854398142
0.0294065467 0.0740364984 0.0000000000
0.0129345476 0.1253082245 0.0000000000
0.0468493449 0.0699443738 0.0000000000
0.0000000000 0.1187116770 0.1591508587
0.0000000000 0.1101817443 0.0178744665
0.0972792362 0.0639224816 0.0000000000
0.0000000000 0.0166947422 0.0037809240
0.0118779986 0.0000000000 0.0169319798
0.0000000000 0.1217918137 0.0652652733
0.0394841315 0.0111232434 0.0000000000
0.0406131664 0.0595478504 0.0000000000
0.0188621784 0.0757100974 0.0000000000
0.0000000000 0.0041950079 0.0841490881
0.0000000000 0.0618801413 0.0523540674
0.0000000000 0.0571040853 0.0483257137
0.0118846359 0.0736171267 0.0000000000
0.0000000000 0.0338042363 0.0709748080
0.0000000000 0.0790220142 0.1059091706
0.0577176958 0.0380574287 0.0000000000
0.1751963234 0.0000000000 0.0985151236
0.0000000000 0.0132374067 0.1617407468
0.0235322060 0.1767522082 0.0000000000
0.0000000000 0.0907892848 0.0260159931
0.0112621535 0.0353146281 0.0000000000
0.0000000000 0.0462995947 0.0746566656
0.1426800358 0.0342557655 0.0000000000
0.0689324551 0.0000000000 0.1029432115
0.0264241322 0.0511772982 0.0000000000
0.0557550107 0.0000000000 0.0649608105
0.1551868790 0.0000000000 0.1027284655
0.0903042795 0.0000000000 0.0759867592
0.0000000000 0.0002275575 0.0292827790
0.0000000000 0.0289016934 0.1046415674
0.0000000000 0.0665267608 0.0797796051
0.0000000000 0.1062185815 0.0455107341
0.0275444554 0.0317234682 0.0000000000
0.0000000000 0.0628166596 0.0263102327
0.0224462975 0.0000000000 0.1177843769
0.0000000000 0.0940069594 0.1927215864
0.0000000000 0.0702755075 0.0541941428
