0.0 0.0060940000000000005 0.00065
0.048153 0.0 0.055774
0.093545 0.0 0.111902
0.04745 0.0 0.049528
0.00468 0.00541 0.0
0.047327 0.0 0.052532
0.095867 0.0 0.109996
0.04615 0.0 0.051788
0.004603 0.005877 0.0
0.043851 0.0 0.044795
0.093852 0.0 0.108436
0.043354 0.0 0.04406
0.006753 0.014695 0.0
0.054803 0.0 0.05103
0.090508 0.0 0.114539
0.04676 0.0 0.050273
0.0021460000000000003 0.004047 0.0
0.043266 0.0 0.04716
0.087201 0.0 0.117132
0.043444 0.0 0.043231
0.005268 0.004815 0.0
0.044102 0.0 0.045714
0.087103 0.0 0.116289
0.042313 0.0 0.045172
0.0 0.00668 0.0013279999999999998
0.044313 0.0 0.044744
0.094616 0.0 0.1208
0.042506 0.0 0.04489
0.0064589999999999995 0.004925 0.0
0.042815 0.0 0.044052
0.089818 0.0 0.11647
0.041928 0.0 0.045765
0.004923 0.004189 0.0
0.044802 0.0 0.046044
0.093733 0.0 0.120811
0.043263 0.0 0.045648
0.003189 0.004073 0.0
0.04406 0.0 0.045066
0.093115 0.0 0.120002
0.04068 0.0 0.042636
0.005325 0.00407 0.0
0.04361 0.0 0.04681
0.085546 0.0 0.112645
0.057522 0.0 0.038427
0.010935 0.009787 0.0
0.048296 0.0 0.047387
0.088593 0.0 0.121041
0.04696 0.0 0.050495
0.0 0.0060940000000000005 0.00065
0.048153 0.0 0.055774
0.093545 0.0 0.111902
0.04745 0.0 0.049528
0.00468 0.00541 0.0
0.047327 0.0 0.052532
0.095867 0.0 0.109996
0.04615 0.0 0.051788
0.004603 0.005877 0.0
0.043851 0.0 0.044795
0.093852 0.0 0.108436
0.043354 0.0 0.04406
0.006753 0.014695 0.0
0.054803 0.0 0.05103
0.090508 0.0 0.114539
0.04676 0.0 0.050273
0.0021460000000000003 0.004047 0.0
0.043266 0.0 0.04716
0.087201 0.0 0.117132
0.043444 0.0 0.043231
0.005268 0.004815 0.0
0.044102 0.0 0.045714
0.087103 0.0 0.116289
0.042313 0.0 0.045172
0.0 0.00668 0.0013279999999999998
0.044313 0.0 0.044744
0.094616 0.0 0.1208
0.042506 0.0 0.04489
0.0064589999999999995 0.004925 0.0
0.042815 0.0 0.044052
0.089818 0.0 0.11647
0.041928 0.0 0.045765
0.004923 0.004189 0.0
0.044802 0.0 0.046044
0.093733 0.0 0.120811
0.043263 0.0 0.045648
0.003189 0.004073 0.0
0.04406 0.0 0.045066
0.093115 0.0 0.120002
0.04068 0.0 0.042636
0.005325 0.00407 0.0
0.04361 0.0 0.04681
0.085546 0.0 0.112645
0.057522 0.0 0.038427
0.010935 0.009787 0.0
0.048296 0.0 0.047387
0.088593 0.0 0.121041
0.04696 0.0 0.050495
0.0 0.0060940000000000005 0.00065
0.048153 0.0 0.055774
0.093545 0.0 0.111902
0.04745 0.0 0.049528
0.00468 0.00541 0.0
0.047327 0.0 0.052532
0.095867 0.0 0.109996
0.04615 0.0 0.051788
0.004603 0.005877 0.0
0.043851 0.0 0.044795
0.093852 0.0 0.108436
0.043354 0.0 0.04406
0.006753 0.014695 0.0
0.054803 0.0 0.05103
0.090508 0.0 0.114539
0.04676 0.0 0.050273
0.0021460000000000003 0.004047 0.0
0.043266 0.0 0.04716
0.087201 0.0 0.117132
0.043444 0.0 0.043231
0.005268 0.004815 0.0
0.044102 0.0 0.045714
0.087103 0.0 0.116289
0.042313 0.0 0.045172
0.0 0.00668 0.0013279999999999998
0.044313 0.0 0.044744
0.094616 0.0 0.1208
0.042506 0.0 0.04489
0.0064589999999999995 0.004925 0.0
0.042815 0.0 0.044052
0.089818 0.0 0.11647
0.041928 0.0 0.045765
