0.6908339629 0.0000000000 0.6908339629
0.3406964945 0.0000000000 0.3406964945
0.0002119686 0.0000000000 0.0002119686
0.3406964945 0.0000000000 0.3406964945
0.6908339629 0.0000000000 0.6908339629
0.3406964945 0.0000000000 0.3406964945
0.0002119686 0.0000000000 0.0002119686
0.3406964945 0.0000000000 0.3406964945
0.6908339629 0.0000000000 0.6908339629
0.3406964945 0.0000000000 0.3406964945
0.0002119686 0.0000000000 0.0002119686
0.3406964945 0.0000000000 0.3406964945
0.6908339629 0.0000000000 0.6908339629
0.3406964945 0.0000000000 0.3406964945
0.0002119686 0.0000000000 0.0002119686
0.3406964945 0.0000000000 0.3406964945
0.6908339629 0.0000000000 0.6908339629
0.3406964945 0.0000000000 0.3406964945
0.0002119686 0.0000000000 0.0002119686
0.3406964945 0.0000000000 0.3406964945
0.6908339629 0.0000000000 0.6908339629
0.3406964945 0.0000000000 0.3406964945
0.0002119686 0.0000000000 0.0002119686
0.3406964945 0.0000000000 0.3406964945
0.6908339629 0.0000000000 0.6908339629
0.3406964945 0.0000000000 0.3406964945
0.0002119686 0.0000000000 0.0002119686
0.3406964945 0.0000000000 0.3406964945
0.6908339629 0.0000000000 0.6908339629
0.3406964945 0.0000000000 0.3406964945
0.0002119686 0.0000000000 0.0002119686
0.3406964945 0.0000000000 0.3406964945
0.6908339629 0.0000000000 0.6908339629
0.3406964945 0.0000000000 0.3406964945
0.0002119686 0.0000000000 0.0002119686
0.3406964945 0.0000000000 0.3406964945
0.6908339629 0.0000000000 0.6908339629
0.3406964945 0.0000000000 0.3406964945
0.0002119686 0.0000000000 0.0002119686
0.3406964945 0.0000000000 0.3406964945
0.6908339629 0.0000000000 0.6908339629
0.3406964945 0.0000000000 0.3406964945
0.0002119686 0.0000000000 0.0002119686
0.3406964945 0.0000000000 0.3406964945
0.6908339629 0.0000000000 0.6908339629
0.3406964945 0.0000000000 0.3406964945
0.0002119686 0.0000000000 0.0002119686
0.3406964945 0.0000000000 0.3406964945
0.6908339629 0.0000000000 0.6908339629
0.3406964945 0.0000000000 0.3406964945
0.0002119686 0.0000000000 0.0002119686
0.3406964945 0.0000000000 0.3406964945
0.6908339629 0.0000000000 0.6908339629
0.3406964945 0.0000000000 0.3406964945
0.0002119686 0.0000000000 0.0002119686
0.3406964945 0.0000000000 0.3406964945
0.6908339629 0.0000000000 0.6908339629
0.3406964945 0.0000000000 0.3406964945
0.0002119686 0.0000000000 0.0002119686
0.3406964945 0.0000000000 0.3406964945
0.6908339629 0.0000000000 0.6908339629
0.3406964945 0.0000000000 0.3406964945
0.0002119686 0.0000000000 0.0002119686
0.3406964945 0.0000000000 0.3406964945
0.6908339629 0.0000000000 0.6908339629
0.3406964945 0.0000000000 0.3406964945
0.0002119686 0.0000000000 0.0002119686
0.3406964945 0.0000000000 0.3406964945
0.6908339629 0.0000000000 0.6908339629
0.3406964945 0.0000000000 0.3406964945
0.0002119686 0.0000000000 0.0002119686
0.3406964945 0.0000000000 0.3406964945
0.6908339629 0.0000000000 0.6908339629
0.3406964945 0.0000000000 0.3406964945
0.0002119686 0.0000000000 0.0002119686
0.3406964945 0.0000000000 0.3406964945
0.6908339629 0.0000000000 0.6908339629
0.3406964945 0.0000000000 0.3406964945
0.0002119686 0.0000000000 0.0002119686
0.3406964945 0.0000000000 0.3406964945
0.6908339629 0.0000000000 0.6908339629
0.3406964945 0.0000000000 0.3406964945
0.0002119686 0.0000000000 0.0002119686
0.3406964945 0.0000000000 0.3406964945
0.6908339629 0.0000000000 0.6908339629
0.3406964945 0.0000000000 0.3406964945
0.0002119686 0.0000000000 0.0002119686
0.3406964945 0.0000000000 0.3406964945
0.6908339629 0.0000000000 0.6908339629
0.3406964945 0.0000000000 0.3406964945
0.0002119686 0.0000000000 0.0002119686
0.3406964945 0.0000000000 0.3406964945
0.6908339629 0.0000000000 0.6908339629
0.3406964945 0.0000000000 0.3406964945
0.0002119686 0.0000000000 0.0002119686
0.3406964945 0.0000000000 0.3406964945
0.6908339629 0.0000000000 0.6908339629
0.3406964945 0.0000000000 0.3406964945
0.0002119686 0.0000000000 0.0002119686
0.3406964945 0.0000000000 0.3406964945
0.6908339629 0.0000000000 0.6908339629
0.3406964945 0.0000000000 0.3406964945
0.0002119686 0.0000000000 0.0002119686
0.3406964945 0.0000000000 0.3406964945
0.6908339629 0.0000000000 0.6908339629
0.3406964945 0.0000000000 0.3406964945
0.0002119686 0.0000000000 0.0002119686
0.3406964945 0.0000000000 0.3406964945
0.6908339629 0.0000000000 0.6908339629
0.3406964945 0.0000000000 0.3406964945
0.0002119686 0.0000000000 0.0002119686
0.3406964945 0.0000000000 0.3406964945
0.6908339629 0.0000000000 0.6908339629
0.3406964945 0.0000000000 0.3406964945
0.0002119686 0.0000000000 0.0002119686
0.3406964945 0.0000000000 0.3406964945
0.6908339629 0.0000000000 0.6908339629
0.3406964945 0.0000000000 0.3406964945
0.0002119686 0.0000000000 0.0002119686
0.3406964945 0.0000000000 0.3406964945
0.6908339629 0.0000000000 0.6908339629
0.3406964945 0.0000000000 0.3406964945
0.0002119686 0.0000000000 0.0002119686
0.3406964945 0.0000000000 0.3406964945
0.6908339629 0.0000000000 0.6908339629
0.3406964945 0.0000000000 0.3406964945
0.0002119686 0.0000000000 0.0002119686
0.3406964945 0.0000000000 0.3406964945
