0.0001613261 0.0000000000 0.0001613261
0.0000114861 0.0000000000 0.0000114861
0.0001764667 0.0000000000 0.0001754225
0.0000104419 0.0000000000 0.0000104419
0.0001613261 0.0000000000 0.0001613261
0.0000104419 0.0000000000 0.0000114861
0.0001754225 0.0000000000 0.0001754225
0.0000104419 0.0000000000 0.0000114861
0.0001613261 0.0000000000 0.0001613261
0.0000114861 0.0000000000 0.0000114861
0.0001764667 0.0000000000 0.0001754225
0.0000104419 0.0000000000 0.0000104419
0.0001613261 0.0000000000 0.0001613261
0.0000104419 0.0000000000 0.0000114861
0.0001754225 0.0000000000 0.0001754225
0.0000104419 0.0000000000 0.0000114861
0.0001613261 0.0000000000 0.0001613261
0.0000114861 0.0000000000 0.0000114861
0.0001764667 0.0000000000 0.0001754225
0.0000104419 0.0000000000 0.0000104419
0.0001613261 0.0000000000 0.0001613261
0.0000104419 0.0000000000 0.0000114861
0.0001754225 0.0000000000 0.0001754225
0.0000104419 0.0000000000 0.0000114861
0.0001613261 0.0000000000 0.0001613261
0.0000114861 0.0000000000 0.0000114861
0.0001764667 0.0000000000 0.0001754225
0.0000104419 0.0000000000 0.0000104419
0.0001613261 0.0000000000 0.0001613261
0.0000104419 0.0000000000 0.0000114861
0.0001754225 0.0000000000 0.0001754225
0.0000104419 0.0000000000 0.0000114861
0.0001613261 0.0000000000 0.0001613261
0.0000114861 0.0000000000 0.0000114861
0.0001764667 0.0000000000 0.0001754225
0.0000104419 0.0000000000 0.0000104419
0.0001613261 0.0000000000 0.0001613261
0.0000104419 0.0000000000 0.0000114861
0.0001754225 0.0000000000 0.0001754225
0.0000104419 0.0000000000 0.0000114861
0.0001613261 0.0000000000 0.0001613261
0.0000114861 0.0000000000 0.0000114861
0.0001764667 0.0000000000 0.0001754225
0.0000104419 0.0000000000 0.0000104419
0.0001613261 0.0000000000 0.0001613261
0.0000104419 0.0000000000 0.0000114861
0.0001754225 0.0000000000 0.0001754225
0.0000104419 0.0000000000 0.0000114861
0.0001613261 0.0000000000 0.0001613261
0.0000114861 0.0000000000 0.0000114861
0.0001764667 0.0000000000 0.0001754225
0.0000104419 0.0000000000 0.0000104419
0.0001613261 0.0000000000 0.0001613261
0.0000104419 0.0000000000 0.0000114861
0.0001754225 0.0000000000 0.0001754225
0.0000104419 0.0000000000 0.0000114861
0.0001613261 0.0000000000 0.0001613261
0.0000114861 0.0000000000 0.0000114861
0.0001764667 0.0000000000 0.0001754225
0.0000104419 0.0000000000 0.0000104419
0.0001613261 0.0000000000 0.0001613261
0.0000104419 0.0000000000 0.0000114861
0.0001754225 0.0000000000 0.0001754225
0.0000104419 0.0000000000 0.0000114861
0.0001613261 0.0000000000 0.0001613261
0.0000114861 0.0000000000 0.0000114861
0.0001764667 0.0000000000 0.0001754225
0.0000104419 0.0000000000 0.0000104419
0.0001613261 0.0000000000 0.0001613261
0.0000104419 0.0000000000 0.0000114861
0.0001754225 0.0000000000 0.0001754225
0.0000104419 0.0000000000 0.0000114861
0.0001613261 0.0000000000 0.0001613261
0.0000114861 0.0000000000 0.0000114861
0.0001764667 0.0000000000 0.0001754225
0.0000104419 0.0000000000 0.0000104419
0.0001613261 0.0000000000 0.0001613261
0.0000104419 0.0000000000 0.0000114861
0.0001754225 0.0000000000 0.0001754225
0.0000104419 0.0000000000 0.0000114861
0.0001613261 0.0000000000 0.0001613261
0.0000114861 0.0000000000 0.0000114861
0.0001764667 0.0000000000 0.0001754225
0.0000104419 0.0000000000 0.0000104419
0.0001613261 0.0000000000 0.0001613261
0.0000104419 0.0000000000 0.0000114861
0.0001754225 0.0000000000 0.0001754225
0.0000104419 0.0000000000 0.0000114861
0.0001613261 0.0000000000 0.0001613261
0.0000114861 0.0000000000 0.0000114861
0.0001764667 0.0000000000 0.0001754225
0.0000104419 0.0000000000 0.0000104419
0.0001613261 0.0000000000 0.0001613261
0.0000104419 0.0000000000 0.0000114861
0.0001754225 0.0000000000 0.0001754225
0.0000104419 0.0000000000 0.0000114861
0.0001613261 0.0000000000 0.0001613261
0.0000114861 0.0000000000 0.0000114861
0.0001764667 0.0000000000 0.0001754225
0.0000104419 0.0000000000 0.0000104419
0.0001613261 0.0000000000 0.0001613261
0.0000104419 0.0000000000 0.0000114861
0.0001754225 0.0000000000 0.0001754225
0.0000104419 0.0000000000 0.0000114861
0.0001613261 0.0000000000 0.0001613261
0.0000114861 0.0000000000 0.0000114861
0.0001764667 0.0000000000 0.0001754225
0.0000104419 0.0000000000 0.0000104419
0.0001613261 0.0000000000 0.0001613261
0.0000104419 0.0000000000 0.0000114861
0.0001754225 0.0000000000 0.0001754225
0.0000104419 0.0000000000 0.0000114861
0.0001613261 0.0000000000 0.0001613261
0.0000114861 0.0000000000 0.0000114861
0.0001764667 0.0000000000 0.0001754225
0.0000104419 0.0000000000 0.0000104419
0.0001613261 0.0000000000 0.0001613261
0.0000104419 0.0000000000 0.0000114861
0.0001754225 0.0000000000 0.0001754225
0.0000104419 0.0000000000 0.0000114861
0.0001613261 0.0000000000 0.0001613261
0.0000114861 0.0000000000 0.0000114861
0.0001764667 0.0000000000 0.0001754225
0.0000104419 0.0000000000 0.0000104419
0.0001613261 0.0000000000 0.0001613261
0.0000104419 0.0000000000 0.0000114861
0.0001754225 0.0000000000 0.0001754225
0.0000104419 0.0000000000 0.0000114861
