0.3633775286 0.0000000000 0.3633775286
0.1842413754 0.0000000000 0.1842403442
0.0002119686 0.0000000000 0.0002119686
0.1842413754 0.0000000000 0.1842413754
0.3633775286 0.0000000000 0.3633775286
0.1842413754 0.0000000000 0.1842403442
0.0002119686 0.0000000000 0.0002119686
0.1842413754 0.0000000000 0.1842413754
0.3633775286 0.0000000000 0.3633775286
0.1842413754 0.0000000000 0.1842403442
0.0002119686 0.0000000000 0.0002119686
0.1842413754 0.0000000000 0.1842413754
0.3633775286 0.0000000000 0.3633775286
0.1842413754 0.0000000000 0.1842403442
0.0002119686 0.0000000000 0.0002119686
0.1842413754 0.0000000000 0.1842413754
0.3633775286 0.0000000000 0.3633775286
0.1842413754 0.0000000000 0.1842403442
0.0002119686 0.0000000000 0.0002119686
0.1842413754 0.0000000000 0.1842413754
0.3633775286 0.0000000000 0.3633775286
0.1842413754 0.0000000000 0.1842403442
0.0002119686 0.0000000000 0.0002119686
0.1842413754 0.0000000000 0.1842413754
0.3633775286 0.0000000000 0.3633775286
0.1842413754 0.0000000000 0.1842403442
0.0002119686 0.0000000000 0.0002119686
0.1842413754 0.0000000000 0.1842413754
0.3633775286 0.0000000000 0.3633775286
0.1842413754 0.0000000000 0.1842403442
0.0002119686 0.0000000000 0.0002119686
0.1842413754 0.0000000000 0.1842413754
0.3633775286 0.0000000000 0.3633775286
0.1842413754 0.0000000000 0.1842403442
0.0002119686 0.0000000000 0.0002119686
0.1842413754 0.0000000000 0.1842413754
0.3633775286 0.0000000000 0.3633775286
0.1842413754 0.0000000000 0.1842403442
0.0002119686 0.0000000000 0.0002119686
0.1842413754 0.0000000000 0.1842413754
0.3633775286 0.0000000000 0.3633775286
0.1842413754 0.0000000000 0.1842403442
0.0002119686 0.0000000000 0.0002119686
0.1842413754 0.0000000000 0.1842413754
0.3633775286 0.0000000000 0.3633775286
0.1842413754 0.0000000000 0.1842403442
0.0002119686 0.0000000000 0.0002119686
0.1842413754 0.0000000000 0.1842413754
0.3633775286 0.0000000000 0.3633775286
0.1842413754 0.0000000000 0.1842403442
0.0002119686 0.0000000000 0.0002119686
0.1842413754 0.0000000000 0.1842413754
0.3633775286 0.0000000000 0.3633775286
0.1842413754 0.0000000000 0.1842403442
0.0002119686 0.0000000000 0.0002119686
0.1842413754 0.0000000000 0.1842413754
0.3633775286 0.0000000000 0.3633775286
0.1842413754 0.0000000000 0.1842403442
0.0002119686 0.0000000000 0.0002119686
0.1842413754 0.0000000000 0.1842413754
0.3633775286 0.0000000000 0.3633775286
0.1842413754 0.0000000000 0.1842403442
0.0002119686 0.0000000000 0.0002119686
0.1842413754 0.0000000000 0.1842413754
0.3633775286 0.0000000000 0.3633775286
0.1842413754 0.0000000000 0.1842403442
0.0002119686 0.0000000000 0.0002119686
0.1842413754 0.0000000000 0.1842413754
0.3633775286 0.0000000000 0.3633775286
0.1842413754 0.0000000000 0.1842403442
0.0002119686 0.0000000000 0.0002119686
0.1842413754 0.0000000000 0.1842413754
0.3633775286 0.0000000000 0.3633775286
0.1842413754 0.0000000000 0.1842403442
0.0002119686 0.0000000000 0.0002119686
0.1842413754 0.0000000000 0.1842413754
0.3633775286 0.0000000000 0.3633775286
0.1842413754 0.0000000000 0.1842403442
0.0002119686 0.0000000000 0.0002119686
0.1842413754 0.0000000000 0.1842413754
0.3633775286 0.0000000000 0.3633775286
0.1842413754 0.0000000000 0.1842403442
0.0002119686 0.0000000000 0.0002119686
0.1842413754 0.0000000000 0.1842413754
0.3633775286 0.0000000000 0.3633775286
0.1842413754 0.0000000000 0.1842403442
0.0002119686 0.0000000000 0.0002119686
0.1842413754 0.0000000000 0.1842413754
0.3633775286 0.0000000000 0.3633775286
0.1842413754 0.0000000000 0.1842403442
0.0002119686 0.0000000000 0.0002119686
0.1842413754 0.0000000000 0.1842413754
0.3633775286 0.0000000000 0.3633775286
0.1842413754 0.0000000000 0.1842403442
0.0002119686 0.0000000000 0.0002119686
0.1842413754 0.0000000000 0.1842413754
0.3633775286 0.0000000000 0.3633775286
0.1842413754 0.0000000000 0.1842403442
0.0002119686 0.0000000000 0.0002119686
0.1842413754 0.0000000000 0.1842413754
0.3633775286 0.0000000000 0.3633775286
0.1842413754 0.0000000000 0.1842403442
0.0002119686 0.0000000000 0.0002119686
0.1842413754 0.0000000000 0.1842413754
0.3633775286 0.0000000000 0.3633775286
0.1842413754 0.0000000000 0.1842403442
0.0002119686 0.0000000000 0.0002119686
0.1842413754 0.0000000000 0.1842413754
0.3633775286 0.0000000000 0.3633775286
0.1842413754 0.0000000000 0.1842403442
0.0002119686 0.0000000000 0.0002119686
0.1842413754 0.0000000000 0.1842413754
0.3633775286 0.0000000000 0.3633775286
0.1842413754 0.0000000000 0.1842403442
0.0002119686 0.0000000000 0.0002119686
0.1842413754 0.0000000000 0.1842413754
0.3633775286 0.0000000000 0.3633775286
0.1842413754 0.0000000000 0.1842403442
0.0002119686 0.0000000000 0.0002119686
0.1842413754 0.0000000000 0.1842413754
0.3633775286 0.0000000000 0.3633775286
0.1842413754 0.0000000000 0.1842403442
0.0002119686 0.0000000000 0.0002119686
0.1842413754 0.0000000000 0.1842413754
0.3633775286 0.0000000000 0.3633775286
0.1842413754 0.0000000000 0.1842403442
0.0002119686 0.0000000000 0.0002119686
0.1842413754 0.0000000000 0.1842413754
