0.0000000000 0.6371707744 0.0237545395
0.0000000000 0.3262607525 0.0553743076
0.0007436520 0.0000000000 0.0452928851
0.0107896973 0.3832221179 0.0000000000
0.0535302385 0.6286071786 0.0000000000
0.0000000000 0.3495879215 0.0027810941
0.0102469650 0.0000000000 0.0081011219
0.0156705892 0.3370400775 0.0000000000
0.0000000000 0.6152881230 0.0116597799
0.0000000000 0.3042462241 0.0125149991
0.0324439449 0.0000000000 0.0167654282
0.0600355143 0.3913679152 0.0000000000
0.0380080358 0.6476951048 0.0000000000
0.0092311183 0.3820291300 0.0000000000
0.0152736593 0.0000000000 0.0093598303
0.0000000000 0.3711744960 0.0392032188
0.0000000000 0.6649280865 0.0139376903
0.0000000000 0.2926643813 0.0065720347
0.0168677825 0.0000000000 0.0219499367
0.0000000000 0.3613311331 0.0072315869
0.0000000000 0.6813345033 0.0542276920
0.0000000000 0.3292589085 0.0197643593
0.0000000000 0.0082375206 0.0141259890
0.0000000000 0.3652330421 0.0278576136
0.0134621198 0.6193670102 0.0000000000
0.0000000000 0.3485330657 0.0138936126
0.0395897911 0.0172153469 0.0000000000
0.0000000000 0.3504973731 0.0302745260
0.0000000000 0.6713766590 0.0332910672
0.0000000000 0.3020864792 0.0052025672
0.0156455599 0.0000000000 0.0179979327
0.0000000000 0.3380770463 0.0403954283
0.0000000000 0.5999458524 0.0064731694
0.0000000000 0.3650519885 0.0322003358
0.0633472412 0.0140964226 0.0000000000
0.0000000000 0.3250699437 0.0171728291
0.0103559482 0.6084898592 0.0000000000
0.0286960830 0.3728583937 0.0000000000
0.0241979563 0.0341862546 0.0000000000
0.0361525908 0.3723007389 0.0000000000
0.0000000000 0.6845734702 0.0248392143
0.0000000000 0.3840649513 0.0405529887
0.0279032984 0.0158166941 0.0000000000
0.0000000000 0.3982041162 0.0065001486
0.0025093331 0.6088548102 0.0000000000
0.0000000000 0.2880996347 0.0109240134
0.0196678619 0.0000000000 0.0286692343
0.0117819294 0.3223981437 0.0000000000
0.0000000000 0.6481433361 0.0274811396
0.0000000000 0.3765735848 0.0115729056
0.0615386719 0.0000000000 0.0057903797
0.0068126605 0.3515173536 0.0000000000
0.0430144114 0.6474214180 0.0000000000
0.0058016944 0.3463278575 0.0000000000
0.0298926294 0.0508782682 0.0000000000
0.0353298941 0.3629791218 0.0000000000
0.0000000000 0.6411616357 0.0118241280
0.0112990322 0.3573638280 0.0000000000
0.0236855324 0.0265718634 0.0000000000
0.0000000000 0.3979973529 0.0092932676
0.0000000000 0.6177487517 0.0338762109
0.0192542083 0.3439257010 0.0000000000
0.0747367678 0.0000000000 0.0604474017
0.0000000000 0.3690345370 0.0229882150
0.0160426845 0.6708565757 0.0000000000
0.0068271423 0.2972794897 0.0000000000
0.0103939024 0.0000000000 0.0354480381
0.0000000000 0.3272545901 0.0219443473
0.0236852284 0.6056483574 0.0000000000
0.0193242933 0.3675158604 0.0000000000
0.0183660173 0.0077670101 0.0000000000
0.0331387944 0.3577645995 0.0000000000
0.0000000000 0.5777282923 0.0065906087
0.0032801845 0.3103954620 0.0000000000
0.0328262691 0.0000000000 0.0073478161
0.0000000000 0.3725387115 0.0017768756
0.0135298203 0.6282186381 0.0000000000
0.0087687378 0.3431612397 0.0000000000
0.0359532241 0.0000000000 0.0163384663
0.0000000000 0.3439087817 0.0033293609
0.0098783971 0.6345407454 0.0000000000
0.0000000000 0.3601174828 0.0300960078
0.0000000000 0.0443426881 0.0396672648
0.0000000000 0.2985565228 0.0057198345
0.0000000000 0.6300946681 0.0038193146
0.0000000000 0.3638788804 0.0134296988
0.0277121953 0.0343121409 0.0000000000
0.0277568245 0.3745678005 0.0000000000
0.0000000000 0.6586080847 0.0419689310
0.0000000000 0.3545077301 0.0220444078
0.0000000000 0.0529083793 0.0419385913
0.0083858885 0.3562034505 0.0000000000
0.0000000000 0.6263360645 0.0199408205
0.0248925664 0.3203234610 0.0000000000
0.0000000000 0.0039591190 0.0121236482
0.0000000000 0.3635303407 0.0626759620
0.0000000000 0.5989309888 0.0159046261
0.0284581666 0.3850031526 0.0000000000
0.0329545021 0.0240673212 0.0000000000
0.0343840182 0.3514951376 0.0000000000
0.0000000000 0.6590683646 0.0348823948
0.0162325411 0.3447305361 0.0000000000
0.0000000000 0.0251676818 0.0108538743
0.0216856960 0.3290778116 0.0000000000
0.0036698150 0.6221021640 0.0000000000
0.0403931116 0.3567038026 0.0000000000
0.0812803658 0.0000000000 0.0287196937
0.0093287192 0.3559402713 0.0000000000
0.0000000000 0.6351707192 0.0044944601
0.0000000000 0.3738924938 0.0214150242
0.0051041335 0.0256421015 0.0000000000
0.0168895950 0.3233264013 0.0000000000
0.0146402666 0.6461757213 0.0000000000
0.0000000000 0.3573496963 0.0527896805
0.0000000000 0.0024329477 0.0188046979
0.0240627365 0.3448039020 0.0000000000
0.0109721061 0.5907923388 0.0000000000
0.0215792436 0.3257767622 0.0000000000
0.0020421915 0.0000000000 0.0292535084
0.0220534051 0.3525446576 0.0000000000
0.0151783236 0.6777032146 0.0000000000
0.0000000000 0.3548885480 0.0216895222
0.0128752405 0.0146477693 0.0000000000
0.0000000000 0.3552016007 0.0197802715
0.0000000000 0.6427105853 0.0303215553
0.0249684812 0.3339867292 0.0000000000
0.0000000000 0.0020612718 0.0071227702
0.0006141781 0.3200008037 0.0000000000
