0.0336544746 0.3183186433 0.0000000000
0.0000000000 0.1834502331 0.0298434630
0.0031215962 0.0000000000 0.0060986811
0.0000000000 0.2065011683 0.0195997041
0.0422244448 0.3518601373 0.0000000000
0.0439360209 0.1993377048 0.0000000000
0.0062243393 0.0032164878 0.0000000000
0.0000000000 0.1707528028 0.0207311327
0.0000000000 0.3480799254 0.0215927439
0.0000000000 0.1786033573 0.0090904500
0.0000000000 0.0123109600 0.0122935897
0.0000000000 0.2150018112 0.0159933776
0.0000000000 0.3021247795 0.0195822867
0.0307766561 0.2066626722 0.0000000000
0.0292249212 0.0158444157 0.0000000000
0.0000000000 0.2017910580 0.0132689025
0.0218613851 0.3234769483 0.0000000000
0.0576455356 0.2014981620 0.0000000000
0.0399937869 0.0356061683 0.0000000000
0.0000000000 0.1554223311 0.0097722098
0.0214786825 0.3056787918 0.0000000000
0.0000000000 0.1624964033 0.0001716504
0.0081816168 0.0000000000 0.0025905595
0.0093839152 0.1651967784 0.0000000000
0.0000000000 0.3045122959 0.0189423625
0.0017874265 0.1504729552 0.0000000000
0.0081271491 0.0220906399 0.0000000000
0.0000000000 0.1757333904 0.0399690291
0.0052994746 0.3426829929 0.0000000000
0.0001882215 0.1751813235 0.0000000000
0.0000000000 0.0159026962 0.0125689720
0.0000000000 0.2205512356 0.0216598083
0.0000000000 0.3193806452 0.0035154278
0.0295202819 0.2091210427 0.0000000000
0.0196954632 0.0365373628 0.0000000000
0.0026602713 0.1529154990 0.0000000000
0.0000000000 0.3410275560 0.0586367636
0.0000000000 0.1770300822 0.0176994798
0.0179915239 0.0000000000 0.0035996375
0.0051697938 0.2037343881 0.0000000000
0.0020271670 0.3233812020 0.0000000000
0.0000000000 0.1588462085 0.0450589394
0.0434397323 0.0000000000 0.0252321078
0.0000000000 0.1636661580 0.0105382946
0.0000000000 0.3562704399 0.0282163589
0.0000000000 0.2233334144 0.0017086282
0.0000000000 0.0030712098 0.0412992670
0.0000000000 0.1748801307 0.0154976554
0.0139278114 0.3355613102 0.0000000000
0.0105014656 0.1499467650 0.0000000000
0.0486119780 0.0000000000 0.0668075602
0.0162712344 0.1830073085 0.0000000000
0.0000000000 0.3568356660 0.0279785897
0.0239530826 0.2353493003 0.0000000000
0.0000000000 0.0265984865 0.0625529423
0.0000000000 0.1668511039 0.0033857403
0.0199633476 0.3454703443 0.0000000000
0.0239156138 0.1389046851 0.0000000000
0.0414222705 0.0000000000 0.0258481343
0.0292653275 0.1579519177 0.0000000000
0.0000000000 0.3335446497 0.0218758937
0.0392668095 0.2496833607 0.0000000000
0.0000000000 0.0268553098 0.0388219465
0.0000000000 0.2331788360 0.0308976839
0.0365805773 0.3228116206 0.0000000000
0.0179806726 0.1534778311 0.0000000000
0.0000000000 0.0091303509 0.0552934804
0.0000000000 0.1950378947 0.0096206708
0.0236803591 0.3669471279 0.0000000000
0.0077593498 0.2035280285 0.0000000000
0.0198313315 0.0000000000 0.0242026457
0.0098343470 0.2156988062 0.0000000000
0.0000000000 0.3426103652 0.0040392703
0.0000000000 0.1550513174 0.0005688934
0.0330966715 0.0408087386 0.0000000000
0.0404411517 0.1965934511 0.0000000000
0.0458386879 0.3371213781 0.0000000000
0.0541011583 0.2318734796 0.0000000000
0.0058962825 0.0251460732 0.0000000000
0.0000000000 0.1786341398 0.0275845472
0.0247956169 0.3434104400 0.0000000000
0.0360839172 0.1702974749 0.0000000000
0.0054355351 0.0220713702 0.0000000000
0.0487156696 0.1900762141 0.0000000000
0.0112050861 0.3443076730 0.0000000000
0.0000000000 0.1830466967 0.0015728597
0.0401000724 0.0000000000 0.0273417913
0.0000000000 0.2101223519 0.0206386353
0.0000000000 0.3266520745 0.0150247618
0.0000000000 0.2110502690 0.0227587234
0.0097225632 0.0000000000 0.0271299366
0.0000000000 0.1623351016 0.0090815850
0.0205505795 0.3183203036 0.0000000000
0.0000000000 0.1856839617 0.0152177738
0.0077014987 0.0000000000 0.0098942189
0.0319670984 0.1802194817 0.0000000000
0.0270961035 0.3316221964 0.0000000000
0.0290557662 0.1778987893 0.0000000000
0.0000000000 0.0326818909 0.0082618360
0.0144795675 0.1487029395 0.0000000000
0.0000000000 0.3487460232 0.0528839696
0.0208264219 0.1908681467 0.0000000000
0.0000000000 0.0231683122 0.0266176035
0.0000000000 0.1973755772 0.0041624213
0.0349548746 0.3483332225 0.0000000000
0.0000000000 0.1671026832 0.0020955019
0.0113517246 0.0000000000 0.0196108642
0.0236202000 0.1746035842 0.0000000000
0.0000000000 0.2827457268 0.0285855357
0.0000000000 0.2110786058 0.0386597171
0.0000000000 0.0521274276 0.0200741212
0.0361024268 0.1749281020 0.0000000000
0.0000000000 0.3544149654 0.0039189186
0.0099768430 0.1952978492 0.0000000000
0.0254928631 0.0000000000 0.0075971570
0.0235663895 0.1752269731 0.0000000000
0.0000000000 0.3320440938 0.0011234570
0.0000000000 0.1713513818 0.0364775322
0.0054149935 0.0000000000 0.0318025963
0.0161482620 0.1472861510 0.0000000000
0.0036745685 0.3273972085 0.0000000000
0.0078850334 0.2058965282 0.0000000000
0.0209499156 0.0390993516 0.0000000000
0.0000000000 0.1559616483 0.0485490737
0.0474902223 0.3783728779 0.0000000000
0.0000000000 0.1862058589 0.0053131993
0.0319413483 0.0082308551 0.0000000000
0.0151910201 0.2071871570 0.0000000000
