0.6909309043 0.0000000000 0.6920850419
0.3433531567 0.0000000000 0.3406654470
0.0003056485 0.0000000000 0.0003056485
0.3420856823 0.0000000000 0.3406654470
0.6920850419 0.0000000000 0.6909309043
0.3406654470 0.0000000000 0.3433531567
0.0003056485 0.0000000000 0.0003056485
0.3406654470 0.0000000000 0.3420845475
0.6909309043 0.0000000000 0.6920850419
0.3433531567 0.0000000000 0.3406654470
0.0003056485 0.0000000000 0.0003056485
0.3420856823 0.0000000000 0.3406654470
0.6920850419 0.0000000000 0.6909309043
0.3406654470 0.0000000000 0.3433531567
0.0003056485 0.0000000000 0.0003056485
0.3406654470 0.0000000000 0.3420845475
0.6909309043 0.0000000000 0.6920850419
0.3433531567 0.0000000000 0.3406654470
0.0003056485 0.0000000000 0.0003056485
0.3420856823 0.0000000000 0.3406654470
0.6920850419 0.0000000000 0.6909309043
0.3406654470 0.0000000000 0.3433531567
0.0003056485 0.0000000000 0.0003056485
0.3406654470 0.0000000000 0.3420845475
0.6909309043 0.0000000000 0.6920850419
0.3433531567 0.0000000000 0.3406654470
0.0003056485 0.0000000000 0.0003056485
0.3420856823 0.0000000000 0.3406654470
0.6920850419 0.0000000000 0.6909309043
0.3406654470 0.0000000000 0.3433531567
0.0003056485 0.0000000000 0.0003056485
0.3406654470 0.0000000000 0.3420845475
0.6909309043 0.0000000000 0.6920850419
0.3433531567 0.0000000000 0.3406654470
0.0003056485 0.0000000000 0.0003056485
0.3420856823 0.0000000000 0.3406654470
0.6920850419 0.0000000000 0.6909309043
0.3406654470 0.0000000000 0.3433531567
0.0003056485 0.0000000000 0.0003056485
0.3406654470 0.0000000000 0.3420845475
0.6909309043 0.0000000000 0.6920850419
0.3433531567 0.0000000000 0.3406654470
0.0003056485 0.0000000000 0.0003056485
0.3420856823 0.0000000000 0.3406654470
0.6920850419 0.0000000000 0.6909309043
0.3406654470 0.0000000000 0.3433531567
0.0003056485 0.0000000000 0.0003056485
0.3406654470 0.0000000000 0.3420845475
0.6909309043 0.0000000000 0.6920850419
0.3433531567 0.0000000000 0.3406654470
0.0003056485 0.0000000000 0.0003056485
0.3420856823 0.0000000000 0.3406654470
0.6920850419 0.0000000000 0.6909309043
0.3406654470 0.0000000000 0.3433531567
0.0003056485 0.0000000000 0.0003056485
0.3406654470 0.0000000000 0.3420845475
0.6909309043 0.0000000000 0.6920850419
0.3433531567 0.0000000000 0.3406654470
0.0003056485 0.0000000000 0.0003056485
0.3420856823 0.0000000000 0.3406654470
0.6920850419 0.0000000000 0.6909309043
0.3406654470 0.0000000000 0.3433531567
0.0003056485 0.0000000000 0.0003056485
0.3406654470 0.0000000000 0.3420845475
0.6909309043 0.0000000000 0.6920850419
0.3433531567 0.0000000000 0.3406654470
0.0003056485 0.0000000000 0.0003056485
0.3420856823 0.0000000000 0.3406654470
0.6920850419 0.0000000000 0.6909309043
0.3406654470 0.0000000000 0.3433531567
0.0003056485 0.0000000000 0.0003056485
0.3406654470 0.0000000000 0.3420845475
0.6909309043 0.0000000000 0.6920850419
0.3433531567 0.0000000000 0.3406654470
0.0003056485 0.0000000000 0.0003056485
0.3420856823 0.0000000000 0.3406654470
0.6920850419 0.0000000000 0.6909309043
0.3406654470 0.0000000000 0.3433531567
0.0003056485 0.0000000000 0.0003056485
0.3406654470 0.0000000000 0.3420845475
0.6909309043 0.0000000000 0.6920850419
0.3433531567 0.0000000000 0.3406654470
0.0003056485 0.0000000000 0.0003056485
0.3420856823 0.0000000000 0.3406654470
0.6920850419 0.0000000000 0.6909309043
0.3406654470 0.0000000000 0.3433531567
0.0003056485 0.0000000000 0.0003056485
0.3406654470 0.0000000000 0.3420845475
0.6909309043 0.0000000000 0.6920850419
0.3433531567 0.0000000000 0.3406654470
0.0003056485 0.0000000000 0.0003056485
0.3420856823 0.0000000000 0.3406654470
0.6920850419 0.0000000000 0.6909309043
0.3406654470 0.0000000000 0.3433531567
0.0003056485 0.0000000000 0.0003056485
0.3406654470 0.0000000000 0.3420845475
0.6909309043 0.0000000000 0.6920850419
0.3433531567 0.0000000000 0.3406654470
0.0003056485 0.0000000000 0.0003056485
0.3420856823 0.0000000000 0.3406654470
0.6920850419 0.0000000000 0.6909309043
0.3406654470 0.0000000000 0.3433531567
0.0003056485 0.0000000000 0.0003056485
0.3406654470 0.0000000000 0.3420845475
0.6909309043 0.0000000000 0.6920850419
0.3433531567 0.0000000000 0.3406654470
0.0003056485 0.0000000000 0.0003056485
0.3420856823 0.0000000000 0.3406654470
0.6920850419 0.0000000000 0.6909309043
0.3406654470 0.0000000000 0.3433531567
0.0003056485 0.0000000000 0.0003056485
0.3406654470 0.0000000000 0.3420845475
0.6909309043 0.0000000000 0.6920850419
0.3433531567 0.0000000000 0.3406654470
0.0003056485 0.0000000000 0.0003056485
0.3420856823 0.0000000000 0.3406654470
0.6920850419 0.0000000000 0.6909309043
0.3406654470 0.0000000000 0.3433531567
0.0003056485 0.0000000000 0.0003056485
0.3406654470 0.0000000000 0.3420845475
0.6909309043 0.0000000000 0.6920850419
0.3433531567 0.0000000000 0.3406654470
0.0003056485 0.0000000000 0.0003056485
0.3420856823 0.0000000000 0.3406654470
0.6920850419 0.0000000000 0.6909309043
0.3406654470 0.0000000000 0.3433531567
0.0003056485 0.0000000000 0.0003056485
0.3406654470 0.0000000000 0.3420845475
