0.3653213726 0.0000000000 0.3653223913
0.1855467999 0.0000000000 0.1855467999
0.0001728120 0.0000000000 0.0001728120
0.1855467999 0.0000000000 0.1855467999
0.3653223913 0.0000000000 0.3653223913
0.1855467999 0.0000000000 0.1855467999
0.0001728120 0.0000000000 0.0001728120
0.1855467999 0.0000000000 0.1855467999
0.3653213726 0.0000000000 0.3653223913
0.1855467999 0.0000000000 0.1855467999
0.0001728120 0.0000000000 0.0001728120
0.1855467999 0.0000000000 0.1855467999
0.3653223913 0.0000000000 0.3653223913
0.1855467999 0.0000000000 0.1855467999
0.0001728120 0.0000000000 0.0001728120
0.1855467999 0.0000000000 0.1855467999
0.3653213726 0.0000000000 0.3653223913
0.1855467999 0.0000000000 0.1855467999
0.0001728120 0.0000000000 0.0001728120
0.1855467999 0.0000000000 0.1855467999
0.3653223913 0.0000000000 0.3653223913
0.1855467999 0.0000000000 0.1855467999
0.0001728120 0.0000000000 0.0001728120
0.1855467999 0.0000000000 0.1855467999
0.3653213726 0.0000000000 0.3653223913
0.1855467999 0.0000000000 0.1855467999
0.0001728120 0.0000000000 0.0001728120
0.1855467999 0.0000000000 0.1855467999
0.3653223913 0.0000000000 0.3653223913
0.1855467999 0.0000000000 0.1855467999
0.0001728120 0.0000000000 0.0001728120
0.1855467999 0.0000000000 0.1855467999
0.3653213726 0.0000000000 0.3653223913
0.1855467999 0.0000000000 0.1855467999
0.0001728120 0.0000000000 0.0001728120
0.1855467999 0.0000000000 0.1855467999
0.3653223913 0.0000000000 0.3653223913
0.1855467999 0.0000000000 0.1855467999
0.0001728120 0.0000000000 0.0001728120
0.1855467999 0.0000000000 0.1855467999
0.3653213726 0.0000000000 0.3653223913
0.1855467999 0.0000000000 0.1855467999
0.0001728120 0.0000000000 0.0001728120
0.1855467999 0.0000000000 0.1855467999
0.3653223913 0.0000000000 0.3653223913
0.1855467999 0.0000000000 0.1855467999
0.0001728120 0.0000000000 0.0001728120
0.1855467999 0.0000000000 0.1855467999
0.3653213726 0.0000000000 0.3653223913
0.1855467999 0.0000000000 0.1855467999
0.0001728120 0.0000000000 0.0001728120
0.1855467999 0.0000000000 0.1855467999
0.3653223913 0.0000000000 0.3653223913
0.1855467999 0.0000000000 0.1855467999
0.0001728120 0.0000000000 0.0001728120
0.1855467999 0.0000000000 0.1855467999
0.3653213726 0.0000000000 0.3653223913
0.1855467999 0.0000000000 0.1855467999
0.0001728120 0.0000000000 0.0001728120
0.1855467999 0.0000000000 0.1855467999
0.3653223913 0.0000000000 0.3653223913
0.1855467999 0.0000000000 0.1855467999
0.0001728120 0.0000000000 0.0001728120
0.1855467999 0.0000000000 0.1855467999
0.3653213726 0.0000000000 0.3653223913
0.1855467999 0.0000000000 0.1855467999
0.0001728120 0.0000000000 0.0001728120
0.1855467999 0.0000000000 0.1855467999
0.3653223913 0.0000000000 0.3653223913
0.1855467999 0.0000000000 0.1855467999
0.0001728120 0.0000000000 0.0001728120
0.1855467999 0.0000000000 0.1855467999
0.3653213726 0.0000000000 0.3653223913
0.1855467999 0.0000000000 0.1855467999
0.0001728120 0.0000000000 0.0001728120
0.1855467999 0.0000000000 0.1855467999
0.3653223913 0.0000000000 0.3653223913
0.1855467999 0.0000000000 0.1855467999
0.0001728120 0.0000000000 0.0001728120
0.1855467999 0.0000000000 0.1855467999
0.3653213726 0.0000000000 0.3653223913
0.1855467999 0.0000000000 0.1855467999
0.0001728120 0.0000000000 0.0001728120
0.1855467999 0.0000000000 0.1855467999
0.3653223913 0.0000000000 0.3653223913
0.1855467999 0.0000000000 0.1855467999
0.0001728120 0.0000000000 0.0001728120
0.1855467999 0.0000000000 0.1855467999
0.3653213726 0.0000000000 0.3653223913
0.1855467999 0.0000000000 0.1855467999
0.0001728120 0.0000000000 0.0001728120
0.1855467999 0.0000000000 0.1855467999
0.3653223913 0.0000000000 0.3653223913
0.1855467999 0.0000000000 0.1855467999
0.0001728120 0.0000000000 0.0001728120
0.1855467999 0.0000000000 0.1855467999
0.3653213726 0.0000000000 0.3653223913
0.1855467999 0.0000000000 0.1855467999
0.0001728120 0.0000000000 0.0001728120
0.1855467999 0.0000000000 0.1855467999
0.3653223913 0.0000000000 0.3653223913
0.1855467999 0.0000000000 0.1855467999
0.0001728120 0.0000000000 0.0001728120
0.1855467999 0.0000000000 0.1855467999
0.3653213726 0.0000000000 0.3653223913
0.1855467999 0.0000000000 0.1855467999
0.0001728120 0.0000000000 0.0001728120
0.1855467999 0.0000000000 0.1855467999
0.3653223913 0.0000000000 0.3653223913
0.1855467999 0.0000000000 0.1855467999
0.0001728120 0.0000000000 0.0001728120
0.1855467999 0.0000000000 0.1855467999
0.3653213726 0.0000000000 0.3653223913
0.1855467999 0.0000000000 0.1855467999
0.0001728120 0.0000000000 0.0001728120
0.1855467999 0.0000000000 0.1855467999
0.3653223913 0.0000000000 0.3653223913
0.1855467999 0.0000000000 0.1855467999
0.0001728120 0.0000000000 0.0001728120
0.1855467999 0.0000000000 0.1855467999
0.3653213726 0.0000000000 0.3653223913
0.1855467999 0.0000000000 0.1855467999
0.0001728120 0.0000000000 0.0001728120
0.1855467999 0.0000000000 0.1855467999
0.3653223913 0.0000000000 0.3653223913
0.1855467999 0.0000000000 0.1855467999
0.0001728120 0.0000000000 0.0001728120
0.1855467999 0.0000000000 0.1855467999
