0.02480412 0.00000000 0.02480412
0.01400757 0.00000000 0.01400757
0.00310612 0.00000000 0.00310612
0.00289345 0.00000000 0.00289345
0.01385403 0.00000000 0.01385498
0.02327919 0.00000000 0.02327919
0.01385403 0.00000000 0.01385403
0.00289345 0.00000000 0.00289345
0.00310612 0.00000000 0.00310612
0.01400757 0.00000000 0.01400757
0.02480412 0.00000000 0.02480412
0.01400757 0.00000000 0.01400757
0.00310612 0.00000000 0.00310612
0.00289345 0.00000000 0.00289345
0.01385403 0.00000000 0.01385403
0.02327919 0.00000000 0.02327919
0.01385403 0.00000000 0.01385403
0.00289345 0.00000000 0.00289345
0.00310612 0.00000000 0.00310612
0.01400757 0.00000000 0.01400757
0.02327919 0.00000000 0.02327919
0.01385498 0.00000000 0.01385403
0.00289345 0.00000000 0.00289345
0.00310612 0.00000000 0.00310612
0.01400852 0.00000000 0.01400757
0.02480316 0.00000000 0.02480412
0.01400852 0.00000000 0.01400852
0.00310612 0.00000000 0.00310612
0.00289345 0.00000000 0.00289345
0.01385403 0.00000000 0.01385403
0.02327919 0.00000000 0.02327919
0.01385403 0.00000000 0.01385403
0.00289345 0.00000000 0.00289345
0.00310612 0.00000000 0.00310612
0.01400757 0.00000000 0.01400757
0.02480412 0.00000000 0.02480412
0.01400757 0.00000000 0.01400757
0.00310612 0.00000000 0.00310612
0.00289345 0.00000000 0.00289345
0.01385403 0.00000000 0.01385498
0.02480412 0.00000000 0.02480412
0.01400757 0.00000000 0.01400757
0.00310612 0.00000000 0.00310612
0.00289345 0.00000000 0.00289345
0.01385498 0.00000000 0.01385307
0.02327919 0.00000000 0.02327919
0.01385403 0.00000000 0.01385403
0.00289345 0.00000000 0.00289345
0.00310612 0.00000000 0.00310612
0.01400757 0.00000000 0.01400757
0.02480412 0.00000000 0.02480412
0.01400757 0.00000000 0.01400757
0.00310612 0.00000000 0.00310612
0.00289345 0.00000000 0.00289345
0.01385403 0.00000000 0.01385498
0.02327919 0.00000000 0.02327919
0.01385403 0.00000000 0.01385498
0.00289345 0.00000000 0.00289345
0.00310612 0.00000000 0.00310612
0.01400757 0.00000000 0.01400757
0.02327919 0.00000000 0.02327919
0.01385498 0.00000000 0.01385498
0.00289345 0.00000000 0.00289345
0.00310612 0.00000000 0.00310612
0.01400757 0.00000000 0.01400757
0.02480412 0.00000000 0.02480412
0.01400757 0.00000000 0.01400757
0.00310612 0.00000000 0.00310612
0.00289345 0.00000000 0.00289345
0.01385403 0.00000000 0.01385403
0.02327919 0.00000000 0.02327919
0.01385498 0.00000000 0.01385403
0.00289345 0.00000000 0.00289345
0.00310612 0.00000000 0.00310612
0.01400757 0.00000000 0.01400757
0.02480412 0.00000000 0.02480412
0.01400757 0.00000000 0.01400757
0.00310612 0.00000000 0.00310612
0.00289345 0.00000000 0.00289345
0.01385403 0.00000000 0.01385403
0.02327919 0.00000000 0.02327919
0.01385307 0.00000000 0.01385307
0.00287628 0.00000000 0.00287628
0.00287628 0.00000000 0.00287628
0.01385307 0.00000000 0.01385307
0.02327919 0.00000000 0.02327919
0.01385307 0.00000000 0.01385307
0.00287628 0.00000000 0.00287628
0.00287628 0.00000000 0.00287628
0.01385307 0.00000000 0.01385307
0.02327919 0.00000000 0.02327919
0.01385307 0.00000000 0.01385307
0.00287628 0.00000000 0.00287628
0.00287628 0.00000000 0.00287628
0.01385307 0.00000000 0.01385307
0.02327919 0.00000000 0.02327919
0.01385307 0.00000000 0.01385307
0.00287628 0.00000000 0.00287628
0.00287628 0.00000000 0.00287628
0.01385307 0.00000000 0.01385307
0.02327919 0.00000000 0.02327919
0.01385307 0.00000000 0.01385307
0.00287628 0.00000000 0.00287628
0.00287628 0.00000000 0.00287628
0.01385307 0.00000000 0.01385307
0.02327919 0.00000000 0.02327919
0.01385307 0.00000000 0.01385307
0.00287628 0.00000000 0.00287628
0.00287628 0.00000000 0.00287628
0.01385307 0.00000000 0.01385307
0.02327919 0.00000000 0.02327919
0.01385307 0.00000000 0.01385307
0.00287628 0.00000000 0.00287628
0.00287628 0.00000000 0.00287628
0.01385307 0.00000000 0.01385307
0.02328014 0.00000000 0.02327919
0.01385307 0.00000000 0.01385307
0.00287628 0.00000000 0.00287628
0.00287628 0.00000000 0.00287628
0.01385307 0.00000000 0.01385307
0.00287628 0.00000000 0.00287628
0.00287628 0.00000000 0.00287628
0.01385307 0.00000000 0.01385307
0.02328014 0.00000000 0.02327919
0.01385307 0.00000000 0.01385307
0.00287628 0.00000000 0.00287628
0.00287628 0.00000000 0.00287628
0.01385307 0.00000000 0.01385307
