0.0629809507 0.3747184042 0.0000000000
0.0512435305 0.2092730611 0.0000000000
0.0000000000 0.0016062422 0.0024354803
0.0000000000 0.2100622291 0.0521791561
0.0000000000 0.3747184042 0.0629809507
0.0000000000 0.2092730611 0.0512435305
0.0024354803 0.0016062422 0.0000000000
0.0521813530 0.2100622291 0.0000000000
0.0629809507 0.3747184042 0.0000000000
0.0512435305 0.2092730611 0.0000000000
0.0000000000 0.0016062422 0.0024354803
0.0000000000 0.2100622291 0.0521791561
0.0000000000 0.3747184042 0.0629809507
0.0000000000 0.2092730611 0.0512435305
0.0024354803 0.0016062422 0.0000000000
0.0521813530 0.2100622291 0.0000000000
0.0629809507 0.3747184042 0.0000000000
0.0512435305 0.2092730611 0.0000000000
0.0000000000 0.0016062422 0.0024354803
0.0000000000 0.2100622291 0.0521791561
0.0000000000 0.3747184042 0.0629809507
0.0000000000 0.2092730611 0.0512435305
0.0024354803 0.0016062422 0.0000000000
0.0521813530 0.2100622291 0.0000000000
0.0629809507 0.3747184042 0.0000000000
0.0512435305 0.2092730611 0.0000000000
0.0000000000 0.0016062422 0.0024354803
0.0000000000 0.2100622291 0.0521791561
0.0000000000 0.3747184042 0.0629809507
0.0000000000 0.2092730611 0.0512435305
0.0024354803 0.0016062422 0.0000000000
0.0521813530 0.2100622291 0.0000000000
0.0629809507 0.3747184042 0.0000000000
0.0512435305 0.2092730611 0.0000000000
0.0000000000 0.0016062422 0.0024354803
0.0000000000 0.2100622291 0.0521791561
0.0000000000 0.3747184042 0.0629809507
0.0000000000 0.2092730611 0.0512435305
0.0024354803 0.0016062422 0.0000000000
0.0521813530 0.2100622291 0.0000000000
0.0629809507 0.3747184042 0.0000000000
0.0512435305 0.2092730611 0.0000000000
0.0000000000 0.0016062422 0.0024354803
0.0000000000 0.2100622291 0.0521791561
0.0000000000 0.3747184042 0.0629809507
0.0000000000 0.2092730611 0.0512435305
0.0024354803 0.0016062422 0.0000000000
0.0521813530 0.2100622291 0.0000000000
0.0629809507 0.3747184042 0.0000000000
0.0512435305 0.2092730611 0.0000000000
0.0000000000 0.0016062422 0.0024354803
0.0000000000 0.2100622291 0.0521791561
0.0000000000 0.3747184042 0.0629809507
0.0000000000 0.2092730611 0.0512435305
0.0024354803 0.0016062422 0.0000000000
0.0521813530 0.2100622291 0.0000000000
0.0629809507 0.3747184042 0.0000000000
0.0512435305 0.2092730611 0.0000000000
0.0000000000 0.0016062422 0.0024354803
0.0000000000 0.2100622291 0.0521791561
0.0000000000 0.3747184042 0.0629809507
0.0000000000 0.2092730611 0.0512435305
0.0024354803 0.0016062422 0.0000000000
0.0521813530 0.2100622291 0.0000000000
0.0629809507 0.3747184042 0.0000000000
0.0512435305 0.2092730611 0.0000000000
0.0000000000 0.0016062422 0.0024354803
0.0000000000 0.2100622291 0.0521791561
0.0000000000 0.3747184042 0.0629809507
0.0000000000 0.2092730611 0.0512435305
0.0024354803 0.0016062422 0.0000000000
0.0521813530 0.2100622291 0.0000000000
0.0629809507 0.3747184042 0.0000000000
0.0512435305 0.2092730611 0.0000000000
0.0000000000 0.0016062422 0.0024354803
0.0000000000 0.2100622291 0.0521791561
0.0000000000 0.3747184042 0.0629809507
0.0000000000 0.2092730611 0.0512435305
0.0024354803 0.0016062422 0.0000000000
0.0521813530 0.2100622291 0.0000000000
0.0629809507 0.3747184042 0.0000000000
0.0512435305 0.2092730611 0.0000000000
0.0000000000 0.0016062422 0.0024354803
0.0000000000 0.2100622291 0.0521791561
0.0000000000 0.3747184042 0.0629809507
0.0000000000 0.2092730611 0.0512435305
0.0024354803 0.0016062422 0.0000000000
0.0521813530 0.2100622291 0.0000000000
0.0629809507 0.3747184042 0.0000000000
0.0512435305 0.2092730611 0.0000000000
0.0000000000 0.0016062422 0.0024354803
0.0000000000 0.2100622291 0.0521791561
0.0000000000 0.3747184042 0.0629809507
0.0000000000 0.2092730611 0.0512435305
0.0024354803 0.0016062422 0.0000000000
0.0521813530 0.2100622291 0.0000000000
0.0629809507 0.3747184042 0.0000000000
0.0512435305 0.2092730611 0.0000000000
0.0000000000 0.0016062422 0.0024354803
0.0000000000 0.2100622291 0.0521791561
0.0000000000 0.3747184042 0.0629809507
0.0000000000 0.2092730611 0.0512435305
0.0024354803 0.0016062422 0.0000000000
0.0521813530 0.2100622291 0.0000000000
0.0629809507 0.3747184042 0.0000000000
0.0512435305 0.2092730611 0.0000000000
0.0000000000 0.0016062422 0.0024354803
0.0000000000 0.2100622291 0.0521791561
0.0000000000 0.3747184042 0.0629809507
0.0000000000 0.2092730611 0.0512435305
0.0024354803 0.0016062422 0.0000000000
0.0521813530 0.2100622291 0.0000000000
0.0629809507 0.3747184042 0.0000000000
0.0512435305 0.2092730611 0.0000000000
0.0000000000 0.0016062422 0.0024354803
0.0000000000 0.2100622291 0.0521791561
0.0000000000 0.3747184042 0.0629809507
0.0000000000 0.2092730611 0.0512435305
0.0024354803 0.0016062422 0.0000000000
0.0521813530 0.2100622291 0.0000000000
0.0629809507 0.3747184042 0.0000000000
0.0512435305 0.2092730611 0.0000000000
0.0000000000 0.0016062422 0.0024354803
0.0000000000 0.2100622291 0.0521791561
0.0000000000 0.3747184042 0.0629809507
0.0000000000 0.2092730611 0.0512435305
0.0024354803 0.0016062422 0.0000000000
0.0521813530 0.2100622291 0.0000000000
