0.0052043702 0.0000000000 0.0004830766
0.0000000000 0.0191533941 0.0095121740
0.0195703957 0.0098601652 0.0000000000
0.0000000000 0.0183480618 0.0022882625
0.0000000000 0.0262775930 0.0110751119
0.0114648708 0.0000000000 0.0060407787
0.0140821219 0.0036596904 0.0000000000
0.0000000000 0.0157315548 0.0013314597
0.0137744163 0.0000000000 0.0289624232
0.0000000000 0.0177514467 0.0287657325
0.0000000000 0.0182726522 0.0124658733
0.0000000000 0.0044307515 0.0112606849
0.0106814090 0.0000000000 0.0328664055
0.0061677294 0.0000000000 0.0253452159
0.0136699032 0.0111265480 0.0000000000
0.0000000000 0.0241540101 0.0147497655
0.0000000000 0.0077923206 0.0025566346
0.0000000000 0.0056050912 0.0153174817
0.0000000000 0.0117283175 0.0097418129
0.0002695550 0.0298582155 0.0000000000
0.0147109924 0.0132916802 0.0000000000
0.0000000000 0.0006543334 0.0138768356
0.0000000000 0.0029181140 0.0183562583
0.0092943042 0.0000000000 0.0182236121
0.0000000000 0.0201439003 0.0040076174
0.0000000000 0.0016452217 0.0107786167
0.0188204890 0.0108678848 0.0000000000
0.0141664330 0.0000000000 0.0141572452
0.0000000000 0.0044230422 0.0087808811
0.0000000000 0.0006693164 0.0021624734
0.0018354915 0.0012987836 0.0000000000
0.0048450871 0.0000000000 0.0096393532
0.0000000000 0.0044333662 0.0037806459
0.0175143608 0.0000000000 0.0009223501
0.0110707857 0.0000000000 0.0132158004
0.0234185259 0.0088867728 0.0000000000
0.0000000000 0.0011972110 0.0115791823
0.0000000000 0.0035939343 0.0208232240
0.0150061573 0.0000000000 0.0238165156
0.0000000000 0.0157887259 0.0222636893
0.0033046388 0.0000000000 0.0183959480
0.0070918807 0.0000000000 0.0090239561
0.0141647617 0.0000000000 0.0186660861
0.0153065978 0.0087137578 0.0000000000
0.0100176631 0.0000000000 0.0307683565
0.0000000000 0.0019009114 0.0028169441
0.0000000000 0.0113366184 0.0113286385
0.0000000000 0.0070088441 0.0146993495
0.0190471309 0.0059316678 0.0000000000
0.0217693968 0.0145948028 0.0000000000
0.0145169609 0.0064425882 0.0000000000
0.0111044621 0.0110582040 0.0000000000
0.0019309296 0.0003653192 0.0000000000
0.0000000000 0.0004377952 0.0022317247
0.0276564169 0.0000000000 0.0039353563
0.0102614307 0.0000000000 0.0226914762
0.0026695145 0.0263919888 0.0000000000
0.0174546559 0.0214190360 0.0000000000
0.0000000000 0.0104349498 0.0179486367
0.0113429719 0.0050808346 0.0000000000
0.0032994668 0.0000000000 0.0241691647
0.0183317506 0.0017283927 0.0000000000
0.0069126014 0.0000000000 0.0201129023
0.0194063384 0.0000000000 0.0243100039
0.0000000000 0.0038949447 0.0054532039
0.0167663185 0.0087546333 0.0000000000
0.0000000000 0.0014226222 0.0004189656
0.0136737722 0.0000000000 0.0163780949
0.0136927128 0.0000000000 0.0086013692
0.0232568212 0.0142673888 0.0000000000
0.0168262212 0.0000000000 0.0176251030
0.0000000000 0.0016455320 0.0334592110
0.0200643583 0.0000000000 0.0078047084
0.0000000000 0.0099769833 0.0187859799
0.0070890109 0.0000000000 0.0121663318
0.0109892923 0.0226030355 0.0000000000
0.0000000000 0.0004086744 0.0218109550
0.0000000000 0.0125021079 0.0194487670
0.0017256569 0.0000000000 0.0045472654
0.0133184797 0.0120527620 0.0000000000
0.0237858348 0.0245865805 0.0000000000
0.0211847309 0.0000000000 0.0171505400
0.0000000000 0.0013844932 0.0024817482
0.0099766041 0.0076224366 0.0000000000
0.0003428677 0.0000000000 0.0062971422
0.0000000000 0.0078649506 0.0138523100
0.0097061677 0.0071370019 0.0000000000
0.0237304940 0.0076272812 0.0000000000
0.0272921976 0.0000000000 0.0176746306
0.0100960891 0.0000000000 0.0192296212
0.0071956489 0.0000000000 0.0044298197
0.0293639239 0.0307844846 0.0000000000
0.0117303757 0.0017206010 0.0000000000
0.0143945418 0.0000000000 0.0064573113
0.0151286524 0.0051064524 0.0000000000
0.0000000000 0.0135273487 0.0102907241
0.0111575003 0.0000000000 0.0026097238
0.0055215760 0.0000000000 0.0073163405
0.0167169407 0.0108823928 0.0000000000
0.0000000000 0.0177776697 0.0182106743
0.0119322435 0.0000000000 0.0092234751
0.0020089484 0.0044852737 0.0000000000
0.0275906473 0.0000000000 0.0101562867
0.0000000000 0.0058078572 0.0186008530
0.0000000000 0.0226166410 0.0240555855
0.0276291280 0.0000000000 0.0153970504
0.0082768247 0.0000000000 0.0108320273
0.0218928089 0.0000000000 0.0115629837
0.0044960482 0.0152625453 0.0000000000
0.0201145943 0.0145405260 0.0000000000
0.0052754066 0.0000000000 0.0083247259
0.0000000000 0.0034565344 0.0006740155
0.0025638982 0.0000000000 0.0021778956
0.0250641535 0.0000000000 0.0189491111
0.0107849300 0.0000000000 0.0068117588
0.0237827803 0.0000000000 0.0256268097
0.0016290503 0.0000000000 0.0204621621
0.0073857446 0.0000000000 0.0085413009
0.0000000000 0.0091235119 0.0020877715
0.0116692722 0.0000000000 0.0114767779
0.0000000000 0.0090193958 0.0158759771
0.0174011447 0.0101991915 0.0000000000
0.0120746671 0.0000000000 0.0142549847
0.0000000000 0.0039731249 0.0125634598
0.0146738085 0.0000000000 0.0086176259
0.0000000000 0.0170913194 0.0010116590
0.0195065377 0.0000000000 0.0025475878
0.0123635916 0.0000000000 0.0119909994
