0.0000000000 0.6401228018 0.0248455814
0.0201870692 0.3579254003 0.0000000000
0.0049841216 0.0112110360 0.0000000000
0.0000000000 0.3541334326 0.0210595785
0.0000000000 0.6337573937 0.0343041036
0.0141976334 0.3327474599 0.0000000000
0.0101373408 0.0000000000 0.0023064917
0.0000000000 0.3240350371 0.0042840065
0.0065110193 0.6146914927 0.0000000000
0.0019475350 0.3454557844 0.0000000000
0.0000000000 0.0027143606 0.0095008253
0.0216566683 0.3505404453 0.0000000000
0.0000000000 0.6252446924 0.0064073971
0.0004875433 0.3413794328 0.0000000000
0.0000000000 0.0073867155 0.0009775634
0.0078360780 0.3360703182 0.0000000000
0.0000000000 0.5992752258 0.0015824555
0.0116858551 0.3475650694 0.0000000000
0.0000000000 0.0035870217 0.0159797083
0.0000000000 0.3525402965 0.0119416272
0.0099465111 0.6325897972 0.0000000000
0.0000000000 0.3371204178 0.0081682179
0.0000000000 0.0065558898 0.0072328387
0.0000000000 0.3420554149 0.0219931930
0.0009319749 0.6271408718 0.0000000000
0.0104892565 0.3479148142 0.0000000000
0.0069369419 0.0000000000 0.0040538498
0.0000000000 0.3405331764 0.0053706094
0.0000000000 0.6255030319 0.0001397536
0.0062138863 0.3370036727 0.0000000000
0.0000000000 0.0003138540 0.0004676495
0.0000000000 0.3299113104 0.0028533660
0.0000000000 0.6309965019 0.0067101372
0.0013194699 0.3372870905 0.0000000000
0.0211334027 0.0051966409 0.0000000000
0.0000000000 0.3279202010 0.0108649059
0.0000000000 0.6206916435 0.0217592419
0.0035361668 0.3374782978 0.0000000000
0.0000000000 0.0032518148 0.0190106716
0.0000000000 0.3387369620 0.0093973904
0.0272571906 0.6391466931 0.0000000000
0.0000000000 0.3416880457 0.0161842063
0.0082102753 0.0139039150 0.0000000000
0.0120485130 0.3444180600 0.0000000000
0.0181292061 0.6256303327 0.0000000000
0.0088559152 0.3366747803 0.0000000000
0.0154839378 0.0000000000 0.0088623960
0.0034780702 0.3328123744 0.0000000000
0.0002127165 0.6283501858 0.0000000000
0.0000000000 0.3357467515 0.0013121017
0.0109791572 0.0000000000 0.0144688561
0.0081912633 0.3401750803 0.0000000000
0.0000000000 0.6307834907 0.0048833114
0.0046785737 0.3239284189 0.0000000000
0.0017889198 0.0206083737 0.0000000000
0.0054863263 0.3347386448 0.0000000000
0.0000000000 0.6300223423 0.0060319851
0.0212915866 0.3351080603 0.0000000000
0.0019631579 0.0104044525 0.0000000000
0.0000000000 0.3341072963 0.0018113859
0.0250277257 0.6379322836 0.0000000000
0.0000000000 0.3220141552 0.0057980467
0.0023650487 0.0056948438 0.0000000000
0.0000000000 0.3344367388 0.0182621803
0.0092342350 0.6354928308 0.0000000000
0.0000000000 0.3471644489 0.0052251479
0.0041933077 0.0114699065 0.0000000000
0.0024492553 0.3166770245 0.0000000000
0.0188820820 0.6342542549 0.0000000000
0.0000000000 0.3467216130 0.0124191838
0.0045916341 0.0131217390 0.0000000000
0.0133895410 0.3440125151 0.0000000000
0.0090557673 0.6064958345 0.0000000000
0.0000000000 0.3698980137 0.0005132353
0.0000000000 0.0173777893 0.0034190723
0.0000000000 0.3492587236 0.0110560483
0.0011381737 0.6431456485 0.0000000000
0.0000000000 0.3389011671 0.0036377906
0.0000000000 0.0242850098 0.0118091035
0.0000000000 0.3432842787 0.0199469656
0.0000000000 0.6513970390 0.0129963662
0.0000000000 0.3527250905 0.0071132535
0.0000000000 0.0086336447 0.0279147480
0.0211071649 0.3679987685 0.0000000000
0.0116720196 0.6185115055 0.0000000000
0.0000000000 0.3498533986 0.0063716328
0.0009371272 0.0000000000 0.0087629708
0.0056305219 0.3268892915 0.0000000000
0.0000000000 0.6342355854 0.0021860281
0.0000000000 0.3490536452 0.0068867472
0.0104399653 0.0003571353 0.0000000000
0.0128960065 0.3380378440 0.0000000000
0.0021552812 0.6092316336 0.0000000000
0.0036233471 0.3441850198 0.0000000000
0.0000000000 0.0013400753 0.0105569746
0.0000000000 0.3457535851 0.0068100108
0.0000000000 0.6201474295 0.0099339880
0.0086920137 0.3390639179 0.0000000000
0.0075397292 0.0000000000 0.0041609401
0.0000000000 0.3486355412 0.0075161146
0.0112330963 0.6318179838 0.0000000000
0.0000000000 0.3306335499 0.0045608048
0.0062974683 0.0106609522 0.0000000000
0.0197932443 0.3556704815 0.0000000000
0.0175911655 0.6219913097 0.0000000000
0.0041487412 0.3419995277 0.0000000000
0.0000000000 0.0139504972 0.0004715976
0.0000000000 0.3402002814 0.0382611724
0.0240833985 0.6417470222 0.0000000000
0.0128201324 0.3297688820 0.0000000000
0.0267457190 0.0208129314 0.0000000000
0.0124737687 0.3517381781 0.0000000000
0.0000000000 0.6210620527 0.0028095309
0.0051573422 0.3451134346 0.0000000000
0.0033143518 0.0053721959 0.0000000000
0.0000000000 0.3589541204 0.0251611947
0.0221239294 0.6251197394 0.0000000000
0.0021304746 0.3407766439 0.0000000000
0.0141452467 0.0000000000 0.0024005277
0.0179241369 0.3367893814 0.0000000000
0.0000000000 0.6463282976 0.0087791592
0.0000000000 0.3620935106 0.0208706953
0.0000000000 0.0032157754 0.0091654020
0.0081938362 0.3509188292 0.0000000000
0.0131944646 0.6245160168 0.0000000000
0.0000000000 0.3233099265 0.0268747358
0.0000000000 0.0070365219 0.0063799334
0.0000000000 0.3484620031 0.0002380026
