0.0 0.0060940000000000005 0.00065
0.048153 0.0 0.055774
0.093545 0.0 0.111902
0.04745 0.0 0.049528
0.00468 0.00541 0.0
0.047327 0.0 0.052532
0.095867 0.0 0.109996
0.04615 0.0 0.051788
0.004603 0.005877 0.0
0.043851 0.0 0.044795
0.093852 0.0 0.108436
0.043354 0.0 0.04406
0.006753 0.014695 0.0
0.054803 0.0 0.05103
0.090508 0.0 0.114539
0.04676 0.0 0.050273
0.0021460000000000003 0.004047 0.0
0.043266 0.0 0.04716
0.087201 0.0 0.117132
0.043444 0.0 0.043231
0.005268 0.004815 0.0
0.044102 0.0 0.045714
0.087103 0.0 0.116289
0.042313 0.0 0.045172
0.0 0.00668 0.0013279999999999998
0.044313 0.0 0.044744
0.094616 0.0 0.1208
0.042506 0.0 0.04489
0.0064589999999999995 0.004925 0.0
0.042815 0.0 0.044052
0.089818 0.0 0.11647
0.041928 0.0 0.045765
0.004923 0.004189 0.0
0.044802 0.0 0.046044
0.093733 0.0 0.120811
0.043263 0.0 0.045648
0.003189 0.004073 0.0
0.04406 0.0 0.045066
0.093115 0.0 0.120002
0.04068 0.0 0.042636
0.005325 0.00407 0.0
0.04361 0.0 0.04681
0.085546 0.0 0.112645
0.057522 0.0 0.038427
0.010935 0.009787 0.0
0.048296 0.0 0.047387
0.088593 0.0 0.121041
0.04696 0.0 0.050495
0.0 0.0060940000000000005 0.00065
0.048153 0.0 0.055774
0.093545 0.0 0.111902
0.04745 0.0 0.049528
0.00468 0.00541 0.0
0.047327 0.0 0.052532
0.095867 0.0 0.109996
0.04615 0.0 0.051788
0.004603 0.005877 0.0
0.043851 0.0 0.044795
0.093852 0.0 0.108436
0.043354 0.0 0.04406
0.006753 0.014695 0.0
0.054803 0.0 0.05103
0.090508 0.0 0.114539
0.04676 0.0 0.050273
0.0021460000000000003 0.004047 0.0
0.043266 0.0 0.04716
0.087201 0.0 0.117132
0.043444 0.0 0.043231
0.005268 0.004815 0.0
0.044102 0.0 0.045714
0.087103 0.0 0.116289
0.042313 0.0 0.045172
0.0 0.00668 0.0013279999999999998
0.044313 0.0 0.044744
0.094616 0.0 0.1208
0.042506 0.0 0.04489
0.0064589999999999995 0.004925 0.0
0.042815 0.0 0.044052
0.089818 0.0 0.11647
0.041928 0.0 0.045765
0.004923 0.004189 0.0
0.044802 0.0 0.046044
0.093733 0.0 0.120811
0.043263 0.0 0.045648
0.003189 0.004073 0.0
0.04406 0.0 0.045066
0.093115 0.0 0.120002
0.04068 0.0 0.042636
0.005325 0.00407 0.0
0.04361 0.0 0.04681
0.085546 0.0 0.112645
0.057522 0.0 0.038427
0.010935 0.009787 0.0
0.048296 0.0 0.047387
0.088593 0.0 0.121041
0.04696 0.0 0.050495
0.0 0.0060940000000000005 0.00065
0.048153 0.0 0.055774
0.093545 0.0 0.111902
0.04745 0.0 0.049528
0.00468 0.00541 0.0
0.047327 0.0 0.052532
0.095867 0.0 0.109996
0.04615 0.0 0.051788
0.004603 0.005877 0.0
0.043851 0.0 0.044795
0.093852 0.0 0.108436
0.043354 0.0 0.04406
0.006753 0.014695 0.0
0.054803 0.0 0.05103
0.090508 0.0 0.114539
0.04676 0.0 0.050273
0.0021460000000000003 0.004047 0.0
0.043266 0.0 0.04716
0.087201 0.0 0.117132
0.043444 0.0 0.043231
0.005268 0.004815 0.0
0.044102 0.0 0.045714
0.087103 0.0 0.116289
0.042313 0.0 0.045172
0.0 0.00668 0.0013279999999999998
0.044313 0.0 0.044744
0.094616 0.0 0.1208
0.042506 0.0 0.04489
0.0064589999999999995 0.004925 0.0
0.042815 0.0 0.044052
0.089818 0.0 0.11647
0.041928 0.0 0.045765
0.014570070000000001 0.010230020000000003 0.0
0.013100069999999998 0.005130020000000001 0.0
0.006673070000000001 0.002849020000000001 0.0
0.00801705 0.0 0.004236979999999999
0.00937205 0.0 0.000157979999999998
0.006276069999999999 6.4019999999998e-05 0.0
0.009723049999999999 0.0 0.003211979999999998
0.00798405 0.0 0.001624979999999998
0.006532049999999999 0.0 0.002139979999999999
0.00842807 0.001771020000000002 0.0
0.009135049999999999 0.0 0.001254980000000001
0.00860005 0.0 0.002402979999999999
0.009998050000000001 0.0 0.00463398
0.00972405 0.0 0.00734498
0.01149407 0.005851019999999999 0.0
0.01051605 0.0 0.000195980000000003
0.01036307 0.00659902 0.0
0.00755305 0.0 0.00175998
0.009732069999999999 0.002283020000000001 0.0
0.01013707 0.00214402 0.0
0.01326605 0.0 0.002631979999999997
0.01417505 0.0 0.005122979999999998
0.01342405 0.0 0.005973979999999999
0.01192905 0.0 0.001131980000000001
0.013673069999999999 0.001296019999999999 0.0
0.007845050000000001 0.0 0.00088498
0.012750049999999999 0.0 0.002474979999999998
0.012672049999999999 0.0 0.006164979999999999
0.01196705 0.0 0.00467798
0.014796049999999996 0.0 0.007749979999999998
0.012831049999999997 0.0 0.00842298
0.018483049999999994 0.0 0.007354979999999997
0.01710505 0.0 0.007529979999999999
0.010267050000000002 0.0 0.00765998
0.011218049999999999 0.0 0.004958979999999998
0.013941049999999997 0.0 0.007083979999999999
0.015122049999999998 0.0 0.00564198
0.014656049999999999 0.0 0.00491698
0.01579105 0.0 0.00678198
0.012335049999999998 0.0 0.00443598
0.002868049999999999 0.0 0.01536998
0.002654049999999999 0.0 0.01754098
0.00649505 0.0 0.02192898
0.01202605 0.0 0.008151980000000003
0.01875605 0.0 0.003594979999999999
0.02054305 0.0 0.00278098
0.019448049999999995 0.0 0.00127298
0.023383069999999995 0.003049020000000002 0.0
0.026335070000000002 0.004950020000000002 0.0
0.017423069999999995 0.002325019999999999 0.0
0.024488070000000004 0.005325020000000002 0.0
0.014186049999999999 0.0 0.001842979999999999
0.011440049999999998 0.0 0.01124198
0.006847049999999999 0.0 0.016843979999999995
0.0 0.00143695 0.02230693
0.002656049999999999 0.0 0.01937798
0.01017005 0.0 0.01966098
0.01173605 0.0 0.015989979999999997
0.00840005 0.0 0.01508298
0.006056049999999999 0.0 0.010384979999999999
0.009640049999999999 0.0 0.003964979999999999
0.00800805 0.0 0.011889979999999998
0.012035049999999999 0.0 0.013400980000000002
0.010856049999999999 0.0 0.006330979999999999
